#rfmix diploid global ancestry .Q format output
#sample	CEU	PUR	YRI
Sample_1	0.34522	0.02724	0.62754
Sample_2	0.02414	0.00740	0.96846
Sample_3	0.31332	0.00000	0.68668
Sample_4	0.13262	0.00643	0.86095
Sample_5	0.33751	0.00876	0.65374
Sample_6	0.45362	0.01553	0.53085
Sample_7	0.00000	0.01107	0.98893
Sample_8	0.71143	0.00000	0.28857
Sample_9	0.36877	0.00343	0.62781
Sample_10	0.28645	0.00000	0.71355
Sample_11	0.27792	0.01043	0.71165
Sample_12	0.54383	0.00886	0.44732
Sample_13	0.29398	0.01802	0.68800
Sample_14	0.36761	0.01538	0.61701
Sample_15	0.55192	0.00000	0.44808
Sample_16	0.66277	0.00000	0.33723
Sample_17	0.39833	0.02530	0.57636
Sample_18	0.14303	0.00000	0.85697
Sample_19	0.71588	0.00000	0.28412
Sample_20	0.18483	0.00000	0.81517
Sample_21	0.30254	0.01382	0.68364
Sample_22	0.34962	0.02098	0.62940
Sample_23	0.51907	0.03090	0.45004
Sample_24	0.15613	0.03713	0.80673
Sample_25	0.45321	0.00000	0.54679
Sample_26	0.46086	0.00000	0.53914
Sample_27	0.01312	0.00000	0.98688
Sample_28	0.64729	0.00000	0.35271
Sample_29	0.23608	0.00221	0.76171
Sample_30	0.08406	0.00000	0.91594
Sample_31	0.60907	0.00570	0.38523
Sample_32	0.40975	0.00000	0.59025
Sample_33	0.13482	0.01026	0.85492
Sample_34	0.64075	0.00000	0.35925
Sample_35	0.32087	0.00000	0.67913
Sample_36	0.78753	0.00418	0.20829
Sample_37	0.80403	0.01743	0.17853
Sample_38	0.40381	0.01383	0.58236
Sample_39	0.33679	0.00000	0.66321
Sample_40	0.19534	0.00925	0.79540
Sample_41	0.29496	0.00283	0.70221
Sample_42	0.64444	0.00000	0.35556
Sample_43	0.00000	0.00000	1.00000
Sample_44	0.12739	0.00605	0.86655
Sample_45	0.15738	0.06961	0.77301
Sample_46	0.50314	0.06140	0.43547
Sample_47	0.36473	0.01725	0.61802
Sample_48	0.52936	0.00283	0.46781
Sample_49	0.38097	0.00000	0.61903
Sample_50	0.41942	0.00513	0.57546
Sample_51	0.23639	0.00343	0.76018
Sample_52	0.24396	0.00221	0.75382
Sample_53	0.54580	0.00283	0.45137
Sample_54	0.39248	0.00596	0.60156
Sample_55	0.42296	0.00637	0.57067
Sample_56	0.44622	0.02478	0.52900
Sample_57	0.31935	0.01985	0.66080
Sample_58	0.40001	0.00000	0.59999
Sample_59	0.12496	0.00335	0.87170
Sample_60	0.33403	0.01871	0.64725
Sample_61	0.19314	0.00000	0.80686
Sample_62	0.31920	0.00447	0.67633
Sample_63	0.16881	0.00746	0.82373
Sample_64	0.31062	0.00919	0.68019
Sample_65	0.38669	0.00306	0.61025
Sample_66	0.24512	0.01224	0.74264
Sample_67	0.68349	0.00000	0.31651
Sample_68	0.27464	0.01062	0.71474
Sample_69	0.31908	0.01923	0.66169
Sample_70	0.24282	0.02840	0.72878
Sample_71	0.36759	0.00000	0.63241
Sample_72	0.67962	0.00000	0.32038
Sample_73	0.19698	0.00000	0.80302
Sample_74	0.25182	0.00277	0.74540
Sample_75	0.37182	0.06753	0.56066
Sample_76	0.51309	0.00000	0.48691
Sample_77	0.25149	0.00764	0.74087
Sample_78	0.24762	0.00260	0.74978
Sample_79	0.44862	0.01613	0.53525
Sample_80	0.15530	0.00642	0.83828
Sample_81	0.54786	0.00925	0.44289
Sample_82	0.19807	0.00886	0.79308
Sample_83	0.22155	0.00000	0.77845
Sample_84	0.30305	0.01341	0.68354
Sample_85	0.23114	0.00000	0.76886
Sample_86	0.04831	0.00361	0.94808
Sample_87	0.13782	0.00716	0.85502
Sample_88	0.44623	0.00000	0.55377
Sample_89	0.12586	0.01012	0.86402
Sample_90	0.17807	0.00441	0.81752
Sample_91	0.24737	0.01224	0.74039
Sample_92	0.19386	0.00654	0.79960
Sample_93	0.25343	0.00000	0.74657
Sample_94	0.43264	0.00000	0.56736
Sample_95	0.46492	0.00000	0.53508
Sample_96	0.47341	0.00000	0.52659
Sample_97	0.16517	0.01101	0.82382
Sample_98	0.48275	0.00750	0.50974
Sample_99	0.13640	0.19095	0.67265
Sample_100	0.16773	0.01742	0.81485
