#rfmix diploid global ancestry .Q format output
#sample	CEU	PUR	YRI
Sample_1	0.31026	0.00000	0.68974
Sample_2	0.15102	0.01414	0.83484
Sample_3	0.19381	0.00000	0.80619
Sample_4	0.51187	0.00000	0.48813
Sample_5	0.36888	0.00000	0.63112
Sample_6	0.54636	0.00000	0.45364
Sample_7	0.55180	0.02097	0.42723
Sample_8	0.40789	0.00000	0.59211
Sample_9	0.19576	0.00461	0.79963
Sample_10	0.35838	0.00000	0.64162
Sample_11	0.31505	0.00000	0.68495
Sample_12	0.56314	0.00000	0.43686
Sample_13	0.20607	0.00839	0.78554
Sample_14	0.43775	0.00000	0.56225
Sample_15	0.58448	0.00000	0.41552
Sample_16	0.33100	0.00000	0.66900
Sample_17	0.10329	0.11773	0.77898
Sample_18	0.29457	0.00000	0.70543
Sample_19	0.38253	0.00362	0.61385
Sample_20	0.48967	0.00651	0.50382
Sample_21	0.56322	0.02025	0.41653
Sample_22	0.12709	0.00000	0.87291
Sample_23	0.07182	0.01984	0.90833
Sample_24	0.20542	0.00748	0.78709
Sample_25	0.15773	0.00000	0.84227
Sample_26	0.54158	0.00000	0.45842
Sample_27	0.43281	0.00000	0.56719
Sample_28	0.18777	0.00000	0.81223
Sample_29	0.29946	0.00711	0.69344
Sample_30	0.22448	0.01321	0.76231
Sample_31	0.39395	0.00000	0.60605
Sample_32	0.15970	0.00000	0.84030
Sample_33	0.70480	0.00000	0.29520
Sample_34	0.16608	0.00000	0.83392
Sample_35	0.63503	0.00383	0.36115
Sample_36	0.23058	0.02379	0.74563
Sample_37	0.41084	0.02379	0.56537
Sample_38	0.20633	0.00922	0.78445
Sample_39	0.40545	0.00000	0.59455
Sample_40	0.20970	0.00000	0.79030
Sample_41	0.19185	0.01218	0.79597
Sample_42	0.32697	0.00000	0.67303
Sample_43	0.41373	0.00000	0.58627
Sample_44	0.29651	0.00000	0.70349
Sample_45	0.52561	0.00703	0.46736
Sample_46	0.23120	0.00000	0.76880
Sample_47	0.49217	0.00000	0.50783
Sample_48	0.32970	0.00000	0.67030
Sample_49	0.15725	0.00000	0.84275
Sample_50	0.27482	0.00894	0.71624
Sample_51	0.44518	0.00000	0.55482
Sample_52	0.14501	0.00697	0.84803
Sample_53	0.27659	0.00000	0.72341
Sample_54	0.67073	0.00000	0.32927
Sample_55	0.56405	0.06393	0.37202
Sample_56	0.39378	0.00000	0.60622
Sample_57	0.01552	0.00711	0.97737
Sample_58	0.43910	0.00670	0.55419
Sample_59	0.51030	0.00000	0.48970
Sample_60	0.42867	0.00000	0.57133
Sample_61	0.24860	0.00000	0.75140
Sample_62	0.26441	0.00563	0.72996
Sample_63	0.67152	0.01402	0.31447
Sample_64	0.17610	0.00000	0.82390
Sample_65	0.45056	0.00000	0.54944
Sample_66	0.47490	0.00000	0.52510
Sample_67	0.75393	0.00000	0.24607
Sample_68	0.33411	0.00000	0.66589
Sample_69	0.52706	0.01364	0.45930
Sample_70	0.48042	0.00000	0.51958
Sample_71	0.25700	0.00563	0.73737
Sample_72	0.41088	0.01128	0.57784
Sample_73	0.52425	0.00000	0.47575
Sample_74	0.28246	0.01898	0.69857
Sample_75	0.29456	0.00451	0.70093
Sample_76	0.58695	0.00000	0.41305
Sample_77	0.71757	0.00000	0.28243
Sample_78	0.29976	0.00000	0.70024
Sample_79	0.07965	0.00000	0.92035
Sample_80	0.23835	0.00461	0.75703
Sample_81	0.25828	0.00000	0.74172
Sample_82	0.76206	0.00000	0.23794
Sample_83	0.28110	0.00000	0.71890
Sample_84	0.39869	0.00000	0.60131
Sample_85	0.21644	0.00000	0.78356
Sample_86	0.42285	0.00000	0.57715
Sample_87	0.79576	0.00000	0.20424
Sample_88	0.42169	0.02492	0.55338
Sample_89	0.00000	0.00000	1.00000
Sample_90	0.06083	0.00318	0.93598
Sample_91	0.23070	0.05637	0.71292
Sample_92	0.29775	0.11793	0.58433
Sample_93	0.36985	0.00000	0.63015
Sample_94	0.47500	0.00965	0.51536
Sample_95	0.27195	0.00516	0.72288
Sample_96	0.39863	0.00905	0.59232
Sample_97	0.13366	0.00000	0.86634
Sample_98	0.68044	0.01218	0.30738
Sample_99	0.26722	0.00000	0.73278
Sample_100	0.50220	0.03886	0.45894
