#rfmix diploid global ancestry .Q format output
#sample	CEU	PUR	YRI
Sample_1	0.15597	0.00000	0.84403
Sample_2	0.39497	0.00000	0.60503
Sample_3	0.44268	0.01400	0.54333
Sample_4	0.47302	0.00555	0.52143
Sample_5	0.39730	0.02010	0.58260
Sample_6	0.50911	0.02370	0.46719
Sample_7	0.15278	0.00528	0.84195
Sample_8	0.12121	0.00000	0.87879
Sample_9	0.24259	0.00000	0.75741
Sample_10	0.26423	0.01496	0.72081
Sample_11	0.16698	0.01038	0.82264
Sample_12	0.06627	0.01262	0.92111
Sample_13	0.34019	0.02445	0.63537
Sample_14	0.56021	0.00000	0.43979
Sample_15	0.42065	0.00000	0.57935
Sample_16	0.37571	0.03954	0.58474
Sample_17	0.70742	0.01929	0.27329
Sample_18	0.27297	0.00699	0.72004
Sample_19	0.12682	0.01138	0.86180
Sample_20	0.22105	0.00000	0.77895
Sample_21	0.36538	0.01424	0.62038
Sample_22	0.20496	0.01774	0.77730
Sample_23	0.47945	0.00000	0.52055
Sample_24	0.27224	0.01411	0.71365
Sample_25	0.32784	0.01838	0.65377
Sample_26	0.30571	0.01401	0.68028
Sample_27	0.55531	0.04420	0.40049
Sample_28	0.71348	0.00000	0.28652
Sample_29	0.40193	0.01261	0.58546
Sample_30	0.43970	0.00000	0.56030
Sample_31	0.40575	0.00301	0.59124
Sample_32	0.43441	0.00720	0.55839
Sample_33	0.16719	0.01240	0.82042
Sample_34	0.20588	0.00786	0.78626
Sample_35	0.07882	0.00386	0.91732
Sample_36	0.36543	0.07915	0.55542
Sample_37	0.59676	0.02376	0.37948
Sample_38	0.18646	0.00000	0.81354
Sample_39	0.43573	0.01400	0.55028
Sample_40	0.42048	0.01475	0.56476
Sample_41	0.36961	0.01062	0.61977
Sample_42	0.56190	0.04639	0.39171
Sample_43	0.17914	0.02607	0.79479
Sample_44	0.49810	0.07110	0.43080
Sample_45	0.36779	0.06791	0.56430
Sample_46	0.21638	0.01749	0.76614
Sample_47	0.24688	0.04035	0.71277
Sample_48	0.21567	0.00841	0.77592
Sample_49	0.32736	0.02495	0.64769
Sample_50	0.19435	0.02036	0.78530
Sample_51	0.31821	0.00498	0.67681
Sample_52	0.36082	0.00213	0.63705
Sample_53	0.17522	0.00000	0.82478
Sample_54	0.12029	0.00767	0.87204
Sample_55	0.24359	0.01092	0.74549
Sample_56	0.66627	0.00301	0.33072
Sample_57	0.35449	0.01124	0.63427
Sample_58	0.30184	0.00000	0.69816
Sample_59	0.35643	0.03198	0.61159
Sample_60	0.52361	0.02377	0.45262
Sample_61	0.45035	0.03120	0.51845
Sample_62	0.21055	0.00631	0.78314
Sample_63	0.41702	0.06739	0.51559
Sample_64	0.57459	0.00000	0.42541
Sample_65	0.23226	0.00000	0.76774
Sample_66	0.03269	0.01140	0.95590
Sample_67	0.54934	0.04100	0.40966
Sample_68	0.18644	0.01062	0.80294
Sample_69	0.46542	0.02868	0.50590
Sample_70	0.50544	0.04065	0.45391
Sample_71	0.26317	0.00000	0.73683
Sample_72	0.66473	0.00212	0.33315
Sample_73	0.48354	0.04502	0.47144
Sample_74	0.18139	0.00116	0.81745
Sample_75	0.28907	0.01377	0.69716
Sample_76	0.42714	0.02031	0.55255
Sample_77	0.38336	0.00304	0.61360
Sample_78	0.27779	0.00386	0.71835
Sample_79	0.34248	0.00589	0.65162
Sample_80	0.12604	0.13627	0.73769
Sample_81	0.38869	0.00000	0.61131
Sample_82	0.53584	0.12186	0.34230
Sample_83	0.29692	0.04686	0.65623
Sample_84	0.04116	0.00333	0.95552
Sample_85	0.69952	0.06815	0.23233
Sample_86	0.18314	0.01277	0.80409
Sample_87	0.24668	0.00000	0.75332
Sample_88	0.34642	0.01566	0.63793
Sample_89	0.34721	0.00212	0.65068
Sample_90	0.53576	0.05608	0.40816
Sample_91	0.49048	0.02031	0.48921
Sample_92	0.50979	0.02658	0.46363
Sample_93	0.31270	0.00454	0.68276
Sample_94	0.27802	0.00420	0.71779
Sample_95	0.27932	0.00000	0.72068
Sample_96	0.34841	0.02519	0.62640
Sample_97	0.47682	0.04947	0.47370
Sample_98	0.39373	0.00490	0.60136
Sample_99	0.20433	0.05825	0.73742
Sample_100	0.28557	0.00851	0.70592
