#rfmix diploid global ancestry .Q format output
#sample	CEU	PUR	YRI
Sample_1	0.47903	0.01959	0.50138
Sample_2	0.59852	0.00233	0.39915
Sample_3	0.44749	0.00764	0.54487
Sample_4	0.12330	0.04014	0.83657
Sample_5	0.22802	0.00986	0.76212
Sample_6	0.38537	0.01071	0.60392
Sample_7	0.46540	0.00000	0.53460
Sample_8	0.35004	0.01051	0.63945
Sample_9	0.24778	0.01608	0.73614
Sample_10	0.14719	0.00000	0.85281
Sample_11	0.43692	0.00750	0.55558
Sample_12	0.45763	0.00479	0.53758
Sample_13	0.42672	0.00220	0.57108
Sample_14	0.20306	0.00000	0.79694
Sample_15	0.60662	0.00169	0.39169
Sample_16	0.23177	0.02031	0.74792
Sample_17	0.20976	0.00000	0.79024
Sample_18	0.13144	0.00452	0.86404
Sample_19	0.35589	0.00212	0.64199
Sample_20	0.49444	0.00694	0.49863
Sample_21	0.61573	0.00000	0.38427
Sample_22	0.46949	0.00669	0.52381
Sample_23	0.27336	0.00000	0.72664
Sample_24	0.45308	0.00519	0.54172
Sample_25	0.33183	0.01065	0.65753
Sample_26	0.29750	0.00000	0.70250
Sample_27	0.28903	0.00364	0.70733
Sample_28	0.41811	0.00355	0.57833
Sample_29	0.39080	0.02658	0.58262
Sample_30	0.36244	0.02115	0.61641
Sample_31	0.26169	0.00124	0.73707
Sample_32	0.21504	0.00061	0.78435
Sample_33	0.24491	0.09302	0.66207
Sample_34	0.35094	0.01876	0.63029
Sample_35	0.40344	0.00537	0.59119
Sample_36	0.39515	0.01372	0.59112
Sample_37	0.20939	0.00000	0.79061
Sample_38	0.35318	0.00890	0.63791
Sample_39	0.04696	0.00205	0.95099
Sample_40	0.35196	0.02381	0.62423
Sample_41	0.23344	0.00000	0.76656
Sample_42	0.18916	0.02609	0.78475
Sample_43	0.38340	0.00516	0.61144
Sample_44	0.40206	0.02958	0.56836
Sample_45	0.26304	0.01364	0.72332
Sample_46	0.42437	0.00513	0.57050
Sample_47	0.35669	0.00718	0.63612
Sample_48	0.38533	0.00181	0.61286
Sample_49	0.19173	0.00453	0.80374
Sample_50	0.34107	0.00468	0.65424
Sample_51	0.34931	0.00891	0.64179
Sample_52	0.47915	0.00168	0.51917
Sample_53	0.28440	0.02642	0.68917
Sample_54	0.12109	0.00824	0.87067
Sample_55	0.29302	0.01949	0.68748
Sample_56	0.33031	0.00641	0.66328
Sample_57	0.28761	0.01101	0.70138
Sample_58	0.36049	0.00000	0.63951
Sample_59	0.27990	0.00818	0.71192
Sample_60	0.17799	0.00215	0.81986
Sample_61	0.32653	0.02820	0.64527
Sample_62	0.24889	0.01263	0.73848
Sample_63	0.45815	0.00936	0.53249
Sample_64	0.29925	0.00000	0.70075
Sample_65	0.23270	0.00446	0.76284
Sample_66	0.50792	0.01544	0.47664
Sample_67	0.53846	0.01389	0.44766
Sample_68	0.27733	0.00000	0.72267
Sample_69	0.30908	0.00000	0.69092
Sample_70	0.54694	0.00580	0.44726
Sample_71	0.44492	0.00000	0.55508
Sample_72	0.37412	0.08455	0.54133
Sample_73	0.45337	0.07079	0.47584
Sample_74	0.40922	0.02630	0.56448
Sample_75	0.58797	0.00750	0.40453
Sample_76	0.20756	0.00315	0.78930
Sample_77	0.28059	0.01949	0.69991
Sample_78	0.40100	0.00000	0.59900
Sample_79	0.20450	0.01123	0.78427
Sample_80	0.37780	0.01481	0.60739
Sample_81	0.57589	0.02547	0.39863
Sample_82	0.24442	0.00000	0.75558
Sample_83	0.58817	0.01051	0.40132
Sample_84	0.16331	0.00373	0.83296
Sample_85	0.21463	0.00911	0.77626
Sample_86	0.40730	0.02342	0.56929
Sample_87	0.25476	0.00687	0.73837
Sample_88	0.14548	0.01078	0.84373
Sample_89	0.40795	0.00241	0.58964
Sample_90	0.25887	0.00000	0.74113
Sample_91	0.39642	0.00140	0.60217
Sample_92	0.22313	0.01724	0.75963
Sample_93	0.27588	0.00331	0.72081
Sample_94	0.26848	0.00812	0.72341
Sample_95	0.54688	0.00198	0.45114
Sample_96	0.16401	0.00852	0.82747
Sample_97	0.30797	0.00753	0.68450
Sample_98	0.23134	0.00754	0.76112
Sample_99	0.21537	0.00812	0.77650
Sample_100	0.16240	0.00173	0.83588
