#rfmix diploid global ancestry .Q format output
#sample	CEU	PUR	YRI
Sample_1	0.56886	0.00890	0.42224
Sample_2	0.22057	0.00446	0.77498
Sample_3	0.25143	0.00000	0.74857
Sample_4	0.41734	0.00000	0.58266
Sample_5	0.50327	0.01513	0.48159
Sample_6	0.52189	0.00000	0.47811
Sample_7	0.24051	0.00000	0.75949
Sample_8	0.33413	0.00419	0.66168
Sample_9	0.53147	0.09717	0.37136
Sample_10	0.18257	0.03785	0.77958
Sample_11	0.15378	0.00000	0.84622
Sample_12	0.35387	0.02527	0.62086
Sample_13	0.27580	0.00000	0.72420
Sample_14	0.19457	0.00000	0.80543
Sample_15	0.37746	0.01371	0.60883
Sample_16	0.70368	0.00000	0.29632
Sample_17	0.28213	0.00000	0.71787
Sample_18	0.17040	0.00000	0.82960
Sample_19	0.11654	0.00419	0.87927
Sample_20	0.07983	0.02540	0.89476
Sample_21	0.12128	0.01194	0.86678
Sample_22	0.23761	0.00000	0.76239
Sample_23	0.28698	0.00000	0.71302
Sample_24	0.34478	0.00000	0.65522
Sample_25	0.02498	0.00419	0.97083
Sample_26	0.27323	0.02706	0.69971
Sample_27	0.51859	0.00917	0.47224
Sample_28	0.39545	0.00000	0.60455
Sample_29	0.13366	0.00000	0.86634
Sample_30	0.40944	0.09699	0.49356
Sample_31	0.25835	0.00000	0.74165
Sample_32	0.27342	0.00000	0.72658
Sample_33	0.34338	0.03518	0.62144
Sample_34	0.30720	0.03281	0.65999
Sample_35	0.13248	0.00000	0.86752
Sample_36	0.32663	0.00494	0.66844
Sample_37	0.40080	0.00000	0.59920
Sample_38	0.47096	0.02301	0.50603
Sample_39	0.52907	0.01494	0.45599
Sample_40	0.24274	0.00649	0.75076
Sample_41	0.39131	0.02773	0.58096
Sample_42	0.46498	0.00000	0.53502
Sample_43	0.32698	0.01611	0.65691
Sample_44	0.54442	0.00000	0.45558
Sample_45	0.03488	0.00649	0.95863
Sample_46	0.33416	0.01798	0.64786
Sample_47	0.28241	0.01110	0.70648
Sample_48	0.48230	0.00000	0.51770
Sample_49	0.25267	0.01512	0.73221
Sample_50	0.24890	0.00000	0.75110
Sample_51	0.49735	0.00000	0.50265
Sample_52	0.36009	0.00713	0.63278
Sample_53	0.64435	0.00000	0.35565
Sample_54	0.44611	0.00000	0.55389
Sample_55	0.21714	0.00000	0.78286
Sample_56	0.46562	0.00000	0.53438
Sample_57	0.34031	0.00000	0.65969
Sample_58	0.39521	0.00810	0.59669
Sample_59	0.20109	0.00000	0.79891
Sample_60	0.23299	0.01999	0.74703
Sample_61	0.17920	0.00000	0.82080
Sample_62	0.51917	0.00419	0.47664
Sample_63	0.25623	0.00000	0.74377
Sample_64	0.48931	0.00000	0.51069
Sample_65	0.39621	0.00000	0.60379
Sample_66	0.08872	0.01197	0.89931
Sample_67	0.44747	0.00000	0.55253
Sample_68	0.00717	0.00000	0.99283
Sample_69	0.49302	0.00000	0.50698
Sample_70	0.51994	0.00000	0.48006
Sample_71	0.38942	0.02427	0.58631
Sample_72	0.51137	0.00000	0.48863
Sample_73	0.56706	0.00000	0.43294
Sample_74	0.73691	0.00000	0.26309
Sample_75	0.38433	0.00855	0.60712
Sample_76	0.11138	0.00000	0.88862
Sample_77	0.11286	0.01674	0.87040
Sample_78	0.23128	0.00000	0.76872
Sample_79	0.60506	0.00000	0.39494
Sample_80	0.70396	0.00000	0.29604
Sample_81	0.46472	0.00000	0.53528
Sample_82	0.01359	0.00856	0.97785
Sample_83	0.31551	0.00215	0.68235
Sample_84	0.17015	0.00000	0.82985
Sample_85	0.17493	0.00690	0.81818
Sample_86	0.33803	0.00580	0.65617
Sample_87	0.76934	0.00000	0.23066
Sample_88	0.09422	0.00000	0.90578
Sample_89	0.50003	0.00000	0.49997
Sample_90	0.39773	0.00312	0.59915
Sample_91	0.28999	0.03095	0.67906
Sample_92	0.34022	0.00754	0.65224
Sample_93	0.24837	0.00630	0.74533
Sample_94	0.50746	0.00421	0.48832
Sample_95	0.17321	0.00000	0.82679
Sample_96	0.26177	0.00617	0.73206
Sample_97	0.37538	0.01116	0.61345
Sample_98	0.45377	0.00000	0.54623
Sample_99	0.14608	0.00000	0.85392
Sample_100	0.20234	0.00895	0.78871
