#rfmix diploid global ancestry .Q format output
#sample	CEU	PUR	YRI
Sample_1	0.12663	0.00000	0.87337
Sample_2	0.21602	0.00000	0.78398
Sample_3	0.24953	0.00000	0.75047
Sample_4	0.08109	0.00000	0.91891
Sample_5	0.09238	0.00596	0.90166
Sample_6	0.17545	0.00000	0.82455
Sample_7	0.19034	0.00000	0.80966
Sample_8	0.01671	0.01052	0.97278
Sample_9	0.79551	0.00347	0.20102
Sample_10	0.26910	0.03673	0.69417
Sample_11	0.00000	0.00000	1.00000
Sample_12	0.31913	0.00000	0.68087
Sample_13	0.48612	0.00000	0.51388
Sample_14	0.32991	0.01362	0.65647
Sample_15	0.69508	0.00000	0.30492
Sample_16	0.28401	0.05947	0.65652
Sample_17	0.46600	0.00000	0.53400
Sample_18	0.38895	0.00545	0.60560
Sample_19	0.18421	0.00000	0.81579
Sample_20	0.45815	0.00000	0.54185
Sample_21	0.45408	0.00000	0.54592
Sample_22	0.17458	0.00000	0.82542
Sample_23	0.12460	0.08012	0.79527
Sample_24	0.24686	0.01270	0.74044
Sample_25	0.20458	0.03203	0.76339
Sample_26	0.13641	0.03454	0.82906
Sample_27	0.17947	0.02702	0.79352
Sample_28	0.30582	0.00000	0.69418
Sample_29	0.39674	0.00000	0.60326
Sample_30	0.10147	0.00000	0.89853
Sample_31	0.45015	0.01730	0.53255
Sample_32	0.17641	0.00000	0.82359
Sample_33	0.39176	0.00000	0.60824
Sample_34	0.21491	0.00251	0.78258
Sample_35	0.35712	0.03312	0.60976
Sample_36	0.51828	0.00000	0.48172
Sample_37	0.37473	0.00000	0.62527
Sample_38	0.14221	0.00000	0.85779
Sample_39	0.45166	0.00000	0.54834
Sample_40	0.33000	0.00000	0.67000
Sample_41	0.45417	0.03312	0.51271
Sample_42	0.22398	0.00000	0.77602
Sample_43	0.29452	0.00000	0.70548
Sample_44	0.31969	0.00000	0.68031
Sample_45	0.29491	0.01315	0.69194
Sample_46	0.15436	0.00806	0.83758
Sample_47	0.22549	0.00000	0.77451
Sample_48	0.30856	0.02666	0.66479
Sample_49	0.34811	0.00000	0.65189
Sample_50	0.21962	0.00000	0.78038
Sample_51	0.27263	0.00392	0.72346
Sample_52	0.22642	0.00000	0.77358
Sample_53	0.41394	0.00000	0.58606
Sample_54	0.41513	0.01150	0.57337
Sample_55	0.22956	0.00321	0.76723
Sample_56	0.58225	0.00000	0.41775
Sample_57	0.39298	0.01428	0.59274
Sample_58	0.19204	0.02259	0.78537
Sample_59	0.26496	0.00000	0.73504
Sample_60	0.25458	0.00990	0.73552
Sample_61	0.47453	0.00000	0.52547
Sample_62	0.37058	0.00000	0.62942
Sample_63	0.14799	0.00000	0.85201
Sample_64	0.22444	0.03820	0.73737
Sample_65	0.18652	0.00000	0.81348
Sample_66	0.52642	0.00000	0.47358
Sample_67	0.42652	0.00000	0.57348
Sample_68	0.18593	0.00000	0.81407
Sample_69	0.02517	0.00000	0.97483
Sample_70	0.40223	0.00000	0.59777
Sample_71	0.66077	0.02247	0.31676
Sample_72	0.09928	0.00000	0.90072
Sample_73	0.77393	0.00000	0.22607
Sample_74	0.34482	0.00000	0.65518
Sample_75	0.21496	0.00654	0.77850
Sample_76	0.53836	0.00000	0.46164
Sample_77	0.48501	0.00000	0.51499
Sample_78	0.31348	0.00000	0.68652
Sample_79	0.65267	0.00000	0.34733
Sample_80	0.18613	0.00423	0.80964
Sample_81	0.14251	0.02791	0.82958
Sample_82	0.21006	0.00000	0.78994
Sample_83	0.34769	0.00000	0.65231
Sample_84	0.05219	0.00392	0.94390
Sample_85	0.42667	0.00000	0.57333
Sample_86	0.15120	0.00000	0.84880
Sample_87	0.19424	0.00321	0.80255
Sample_88	0.10341	0.00000	0.89659
Sample_89	0.18413	0.00000	0.81587
Sample_90	0.44140	0.00000	0.55860
Sample_91	0.54597	0.00000	0.45403
Sample_92	0.17443	0.00000	0.82557
Sample_93	0.33457	0.03312	0.63231
Sample_94	0.53477	0.00000	0.46523
Sample_95	0.51036	0.00000	0.48964
Sample_96	0.25265	0.00000	0.74735
Sample_97	0.27036	0.00000	0.72964
Sample_98	0.04361	0.05446	0.90193
Sample_99	0.33394	0.00565	0.66041
Sample_100	0.20608	0.02289	0.77103
