#rfmix diploid global ancestry .Q format output
#sample	CEU	PUR	YRI
Sample_1	0.42499	0.00000	0.57501
Sample_2	0.42249	0.00000	0.57751
Sample_3	0.52417	0.00000	0.47583
Sample_4	0.47230	0.00000	0.52770
Sample_5	0.18173	0.00693	0.81134
Sample_6	0.00000	0.00000	1.00000
Sample_7	0.69257	0.01795	0.28948
Sample_8	0.53657	0.00000	0.46343
Sample_9	0.39878	0.03279	0.56843
Sample_10	0.12594	0.06253	0.81153
Sample_11	0.51875	0.00000	0.48125
Sample_12	0.26763	0.00663	0.72574
Sample_13	0.00000	0.00000	1.00000
Sample_14	0.15419	0.04911	0.79671
Sample_15	0.27840	0.01387	0.70773
Sample_16	0.46422	0.00000	0.53578
Sample_17	0.35469	0.01411	0.63120
Sample_18	0.32647	0.00000	0.67353
Sample_19	0.20573	0.00000	0.79427
Sample_20	0.33671	0.00000	0.66329
Sample_21	0.23630	0.00000	0.76370
Sample_22	0.22129	0.00000	0.77871
Sample_23	0.49973	0.00000	0.50027
Sample_24	0.35180	0.01073	0.63747
Sample_25	0.38201	0.00000	0.61799
Sample_26	0.29042	0.01879	0.69079
Sample_27	0.14464	0.00000	0.85536
Sample_28	0.34880	0.00000	0.65120
Sample_29	0.43027	0.00000	0.56973
Sample_30	0.29663	0.00529	0.69809
Sample_31	0.13151	0.00000	0.86849
Sample_32	0.04211	0.01033	0.94756
Sample_33	0.79602	0.00000	0.20398
Sample_34	0.64060	0.00000	0.35940
Sample_35	0.49025	0.00000	0.50975
Sample_36	0.56134	0.01730	0.42136
Sample_37	0.39069	0.01119	0.59812
Sample_38	0.42028	0.00000	0.57972
Sample_39	0.33428	0.00000	0.66572
Sample_40	0.33745	0.00000	0.66255
Sample_41	0.36479	0.00000	0.63521
Sample_42	0.25302	0.00000	0.74698
Sample_43	0.58759	0.00000	0.41241
Sample_44	0.20068	0.00000	0.79932
Sample_45	0.29390	0.07297	0.63314
Sample_46	0.15761	0.01036	0.83203
Sample_47	0.35395	0.00000	0.64605
Sample_48	0.23305	0.03902	0.72793
Sample_49	0.36176	0.00000	0.63824
Sample_50	0.07559	0.01334	0.91107
Sample_51	0.03448	0.00000	0.96552
Sample_52	0.34915	0.00000	0.65085
Sample_53	0.92411	0.00000	0.07589
Sample_54	0.44595	0.00000	0.55405
Sample_55	0.20980	0.00000	0.79020
Sample_56	0.31779	0.15126	0.53095
Sample_57	0.16320	0.00000	0.83680
Sample_58	0.43525	0.01033	0.55442
Sample_59	0.35995	0.01730	0.62275
Sample_60	0.21779	0.00797	0.77424
Sample_61	0.30786	0.00000	0.69214
Sample_62	0.28513	0.00000	0.71487
Sample_63	0.22404	0.00000	0.77596
Sample_64	0.38818	0.00000	0.61182
Sample_65	0.08033	0.00000	0.91967
Sample_66	0.01553	0.00797	0.97650
Sample_67	0.18923	0.02253	0.78824
Sample_68	0.06685	0.00000	0.93315
Sample_69	0.53866	0.02253	0.43881
Sample_70	0.44511	0.00000	0.55489
Sample_71	0.23460	0.01416	0.75123
Sample_72	0.58715	0.02167	0.39118
Sample_73	0.65447	0.01501	0.33052
Sample_74	0.38189	0.00000	0.61811
Sample_75	0.08877	0.01651	0.89472
Sample_76	0.08727	0.01715	0.89558
Sample_77	0.58606	0.00000	0.41394
Sample_78	0.15573	0.12294	0.72132
Sample_79	0.34003	0.01732	0.64265
Sample_80	0.10370	0.00000	0.89630
Sample_81	0.38371	0.00000	0.61629
Sample_82	0.28009	0.00000	0.71991
Sample_83	0.58086	0.00000	0.41914
Sample_84	0.09447	0.01241	0.89313
Sample_85	0.85589	0.00000	0.14411
Sample_86	0.19221	0.00000	0.80779
Sample_87	0.33580	0.02026	0.64395
Sample_88	0.22844	0.00000	0.77156
Sample_89	0.28665	0.02778	0.68557
Sample_90	0.04989	0.00506	0.94505
Sample_91	0.20954	0.00797	0.78249
Sample_92	0.52195	0.00000	0.47805
Sample_93	0.44309	0.00000	0.55691
Sample_94	0.28478	0.01710	0.69812
Sample_95	0.16256	0.02272	0.81472
Sample_96	0.14782	0.04110	0.81108
Sample_97	0.69034	0.00000	0.30966
Sample_98	0.37124	0.00000	0.62876
Sample_99	0.40211	0.00000	0.59789
Sample_100	0.04849	0.00000	0.95151
