#rfmix diploid global ancestry .Q format output
#sample	CEU	PUR	YRI
Sample_1	0.42815	0.02012	0.55173
Sample_2	0.65617	0.00000	0.34383
Sample_3	0.25602	0.01531	0.72867
Sample_4	0.61392	0.00000	0.38608
Sample_5	0.16195	0.00395	0.83410
Sample_6	0.30403	0.01330	0.68267
Sample_7	0.33615	0.00549	0.65836
Sample_8	0.40975	0.00340	0.58685
Sample_9	0.22165	0.00000	0.77835
Sample_10	0.27341	0.00470	0.72189
Sample_11	0.30501	0.00000	0.69499
Sample_12	0.19880	0.02030	0.78090
Sample_13	0.41419	0.01063	0.57517
Sample_14	0.15392	0.00226	0.84382
Sample_15	0.29072	0.01023	0.69905
Sample_16	0.29978	0.00000	0.70022
Sample_17	0.09050	0.01643	0.89307
Sample_18	0.60215	0.01331	0.38454
Sample_19	0.53584	0.00323	0.46093
Sample_20	0.55391	0.00000	0.44609
Sample_21	0.28512	0.01327	0.70161
Sample_22	0.29835	0.00931	0.69234
Sample_23	0.49105	0.00000	0.50895
Sample_24	0.55262	0.01023	0.43715
Sample_25	0.29056	0.01488	0.69456
Sample_26	0.49084	0.01669	0.49246
Sample_27	0.17826	0.06239	0.75935
Sample_28	0.51241	0.00000	0.48759
Sample_29	0.19205	0.01884	0.78912
Sample_30	0.31847	0.00210	0.67943
Sample_31	0.52142	0.01692	0.46166
Sample_32	0.25369	0.00000	0.74631
Sample_33	0.61710	0.00411	0.37879
Sample_34	0.34288	0.00000	0.65712
Sample_35	0.27429	0.02544	0.70028
Sample_36	0.55120	0.00000	0.44880
Sample_37	0.42204	0.00375	0.57421
Sample_38	0.34731	0.00610	0.64658
Sample_39	0.13880	0.00812	0.85308
Sample_40	0.36991	0.00131	0.62879
Sample_41	0.46176	0.00000	0.53824
Sample_42	0.30158	0.00000	0.69842
Sample_43	0.52143	0.02107	0.45750
Sample_44	0.41158	0.00210	0.58632
Sample_45	0.16632	0.01479	0.81888
Sample_46	0.17986	0.00000	0.82014
Sample_47	0.40849	0.01186	0.57965
Sample_48	0.23749	0.01184	0.75067
Sample_49	0.24849	0.00000	0.75151
Sample_50	0.40527	0.01198	0.58274
Sample_51	0.31425	0.00307	0.68269
Sample_52	0.31577	0.00000	0.68423
Sample_53	0.30714	0.00271	0.69015
Sample_54	0.54317	0.00000	0.45683
Sample_55	0.64435	0.00000	0.35565
Sample_56	0.12617	0.00396	0.86986
Sample_57	0.32323	0.01023	0.66654
Sample_58	0.23142	0.01382	0.75476
Sample_59	0.23623	0.12186	0.64191
Sample_60	0.81217	0.00000	0.18783
Sample_61	0.12336	0.00741	0.86923
Sample_62	0.31392	0.02853	0.65756
Sample_63	0.13746	0.01144	0.85110
Sample_64	0.36112	0.00000	0.63888
Sample_65	0.38637	0.02512	0.58852
Sample_66	0.29876	0.03129	0.66995
Sample_67	0.20131	0.00645	0.79224
Sample_68	0.40275	0.02385	0.57340
Sample_69	0.41297	0.00944	0.57759
Sample_70	0.45756	0.00584	0.53660
Sample_71	0.18521	0.00000	0.81479
Sample_72	0.19580	0.00586	0.79833
Sample_73	0.09442	0.00694	0.89864
Sample_74	0.38955	0.00000	0.61045
Sample_75	0.31879	0.00000	0.68121
Sample_76	0.23523	0.02814	0.73662
Sample_77	0.10307	0.01321	0.88371
Sample_78	0.32125	0.00820	0.67054
Sample_79	0.32864	0.00000	0.67136
Sample_80	0.51492	0.06570	0.41938
Sample_81	0.35547	0.00920	0.63532
Sample_82	0.21370	0.00226	0.78404
Sample_83	0.41849	0.00997	0.57154
Sample_84	0.29986	0.01158	0.68855
Sample_85	0.25851	0.00000	0.74149
Sample_86	0.35912	0.00000	0.64088
Sample_87	0.44512	0.04626	0.50862
Sample_88	0.21526	0.04317	0.74157
Sample_89	0.37700	0.01266	0.61035
Sample_90	0.26989	0.06333	0.66677
Sample_91	0.21314	0.01033	0.77654
Sample_92	0.17139	0.01619	0.81243
Sample_93	0.43254	0.00554	0.56191
Sample_94	0.34830	0.00216	0.64953
Sample_95	0.57901	0.00000	0.42099
Sample_96	0.31141	0.00423	0.68436
Sample_97	0.19766	0.00357	0.79877
Sample_98	0.27981	0.00000	0.72019
Sample_99	0.43260	0.00882	0.55858
Sample_100	0.33756	0.00472	0.65771
