#rfmix diploid global ancestry .Q format output
#sample	CEU	PUR	YRI
Sample_1	0.39248	0.02354	0.58398
Sample_2	0.26278	0.00000	0.73722
Sample_3	0.32049	0.00000	0.67951
Sample_4	0.04995	0.01229	0.93775
Sample_5	0.45055	0.00000	0.54945
Sample_6	0.56421	0.00000	0.43579
Sample_7	0.48213	0.00802	0.50985
Sample_8	0.49140	0.00000	0.50860
Sample_9	0.20175	0.03606	0.76219
Sample_10	0.18171	0.00999	0.80830
Sample_11	0.08157	0.02043	0.89800
Sample_12	0.01469	0.00000	0.98531
Sample_13	0.16190	0.02497	0.81313
Sample_14	0.79833	0.00000	0.20167
Sample_15	0.48996	0.00000	0.51004
Sample_16	0.25553	0.00000	0.74447
Sample_17	0.20723	0.00524	0.78753
Sample_18	0.10777	0.00000	0.89223
Sample_19	0.32860	0.00000	0.67140
Sample_20	0.24111	0.00000	0.75889
Sample_21	0.63994	0.00000	0.36006
Sample_22	0.24820	0.00000	0.75180
Sample_23	0.30619	0.01594	0.67787
Sample_24	0.14422	0.01346	0.84232
Sample_25	0.25046	0.00999	0.73955
Sample_26	0.06475	0.08095	0.85430
Sample_27	0.21981	0.00000	0.78019
Sample_28	0.41736	0.00000	0.58264
Sample_29	0.34597	0.02782	0.62621
Sample_30	0.57186	0.00000	0.42814
Sample_31	0.37424	0.00826	0.61750
Sample_32	0.07153	0.00000	0.92847
Sample_33	0.19166	0.01058	0.79776
Sample_34	0.33764	0.02109	0.64127
Sample_35	0.37523	0.00000	0.62477
Sample_36	0.11903	0.00000	0.88097
Sample_37	0.59701	0.00000	0.40299
Sample_38	0.67353	0.02288	0.30359
Sample_39	0.13128	0.00000	0.86872
Sample_40	0.32478	0.00491	0.67031
Sample_41	0.15925	0.00000	0.84075
Sample_42	0.31149	0.00708	0.68143
Sample_43	0.22891	0.00000	0.77109
Sample_44	0.27399	0.02247	0.70354
Sample_45	0.36049	0.00000	0.63951
Sample_46	0.10653	0.07348	0.81999
Sample_47	0.21528	0.00000	0.78472
Sample_48	0.25170	0.00000	0.74830
Sample_49	0.26896	0.00000	0.73104
Sample_50	0.44876	0.00500	0.54625
Sample_51	0.34998	0.00423	0.64579
Sample_52	0.31472	0.00671	0.67857
Sample_53	0.20358	0.02094	0.77548
Sample_54	0.22375	0.00000	0.77625
Sample_55	0.31940	0.00000	0.68060
Sample_56	0.26998	0.01594	0.71407
Sample_57	0.14393	0.01021	0.84587
Sample_58	0.22621	0.00931	0.76448
Sample_59	0.63228	0.00000	0.36772
Sample_60	0.13871	0.00802	0.85327
Sample_61	0.50373	0.01624	0.48003
Sample_62	0.38649	0.00000	0.61351
Sample_63	0.29977	0.01709	0.68314
Sample_64	0.30118	0.00000	0.69882
Sample_65	0.52938	0.00895	0.46167
Sample_66	0.41524	0.00000	0.58476
Sample_67	0.17748	0.00532	0.81720
Sample_68	0.25528	0.01594	0.72878
Sample_69	0.26174	0.00437	0.73389
Sample_70	0.23186	0.00000	0.76814
Sample_71	0.64385	0.00000	0.35615
Sample_72	0.34030	0.00514	0.65455
Sample_73	0.47265	0.00414	0.52322
Sample_74	0.42309	0.01058	0.56633
Sample_75	0.74563	0.00000	0.25437
Sample_76	0.64345	0.00000	0.35655
Sample_77	0.06268	0.00000	0.93732
Sample_78	0.54713	0.00169	0.45118
Sample_79	0.33549	0.00000	0.66451
Sample_80	0.18967	0.01457	0.79576
Sample_81	0.17870	0.00000	0.82130
Sample_82	0.17610	0.02806	0.79584
Sample_83	0.24320	0.00000	0.75680
Sample_84	0.57425	0.00000	0.42575
Sample_85	0.07495	0.00000	0.92505
Sample_86	0.42999	0.00000	0.57001
Sample_87	0.58070	0.01815	0.40115
Sample_88	0.27833	0.00000	0.72167
Sample_89	0.48039	0.00273	0.51688
Sample_90	0.35102	0.00000	0.64898
Sample_91	0.07950	0.00000	0.92050
Sample_92	0.54876	0.00000	0.45124
Sample_93	0.52789	0.01639	0.45572
Sample_94	0.46266	0.00500	0.53234
Sample_95	0.20266	0.01346	0.78389
Sample_96	0.22073	0.00000	0.77927
Sample_97	0.52242	0.00000	0.47758
Sample_98	0.54002	0.00000	0.45998
Sample_99	0.39945	0.00437	0.59618
Sample_100	0.71785	0.00000	0.28215
