#rfmix diploid global ancestry .Q format output
#sample	CEU	PUR	YRI
Sample_1	0.14609	0.00773	0.84618
Sample_2	0.48598	0.00799	0.50603
Sample_3	0.27723	0.00000	0.72277
Sample_4	0.49703	0.00766	0.49531
Sample_5	0.35064	0.01133	0.63803
Sample_6	0.11727	0.04524	0.83749
Sample_7	0.63144	0.00318	0.36537
Sample_8	0.46039	0.02022	0.51939
Sample_9	0.60595	0.00903	0.38502
Sample_10	0.21747	0.00982	0.77272
Sample_11	0.20962	0.01706	0.77332
Sample_12	0.65801	0.00000	0.34199
Sample_13	0.04584	0.02398	0.93018
Sample_14	0.35936	0.00000	0.64064
Sample_15	0.07061	0.00000	0.92939
Sample_16	0.70041	0.00956	0.29004
Sample_17	0.05081	0.05480	0.89439
Sample_18	0.41230	0.00000	0.58770
Sample_19	0.24391	0.00000	0.75609
Sample_20	0.38359	0.00000	0.61641
Sample_21	0.53166	0.01046	0.45788
Sample_22	0.24971	0.00427	0.74603
Sample_23	0.46146	0.00000	0.53854
Sample_24	0.13708	0.00335	0.85957
Sample_25	0.31191	0.00000	0.68809
Sample_26	0.46772	0.01880	0.51348
Sample_27	0.10097	0.01487	0.88416
Sample_28	0.57802	0.00000	0.42198
Sample_29	0.13183	0.01331	0.85486
Sample_30	0.11316	0.00000	0.88684
Sample_31	0.21297	0.00000	0.78703
Sample_32	0.43225	0.00915	0.55860
Sample_33	0.43228	0.02129	0.54643
Sample_34	0.15307	0.00000	0.84693
Sample_35	0.21272	0.01734	0.76994
Sample_36	0.53974	0.00000	0.46026
Sample_37	0.35051	0.00000	0.64949
Sample_38	0.43282	0.02297	0.54421
Sample_39	0.51010	0.01013	0.47978
Sample_40	0.11186	0.01323	0.87491
Sample_41	0.04432	0.00000	0.95568
Sample_42	0.38555	0.00583	0.60862
Sample_43	0.46750	0.00000	0.53250
Sample_44	0.18008	0.00335	0.81657
Sample_45	0.36397	0.00000	0.63603
Sample_46	0.32476	0.01196	0.66328
Sample_47	0.24039	0.00000	0.75961
Sample_48	0.23186	0.00461	0.76352
Sample_49	0.20959	0.01046	0.77995
Sample_50	0.03448	0.00296	0.96256
Sample_51	0.27739	0.00908	0.71353
Sample_52	0.39389	0.04388	0.56223
Sample_53	0.64721	0.01421	0.33858
Sample_54	0.20730	0.03104	0.76166
Sample_55	0.55589	0.00000	0.44411
Sample_56	0.43218	0.00000	0.56782
Sample_57	0.46984	0.00000	0.53016
Sample_58	0.28184	0.00333	0.71482
Sample_59	0.03526	0.00000	0.96474
Sample_60	0.40119	0.00000	0.59881
Sample_61	0.24241	0.01465	0.74294
Sample_62	0.27525	0.01195	0.71280
Sample_63	0.49621	0.02726	0.47652
Sample_64	0.40609	0.01575	0.57816
Sample_65	0.17140	0.00333	0.82527
Sample_66	0.58180	0.00000	0.41820
Sample_67	0.15852	0.00563	0.83586
Sample_68	0.55963	0.00827	0.43210
Sample_69	0.01881	0.18108	0.80012
Sample_70	0.01148	0.01233	0.97618
Sample_71	0.39616	0.01893	0.58491
Sample_72	0.29920	0.00773	0.69307
Sample_73	0.35218	0.01397	0.63385
Sample_74	0.38029	0.00372	0.61599
Sample_75	0.20617	0.00788	0.78595
Sample_76	0.33130	0.01011	0.65859
Sample_77	0.38692	0.01578	0.59729
Sample_78	0.33955	0.00000	0.66045
Sample_79	0.60377	0.04603	0.35020
Sample_80	0.34832	0.00000	0.65168
Sample_81	0.25637	0.06742	0.67621
Sample_82	0.44939	0.00563	0.54498
Sample_83	0.22978	0.01189	0.75833
Sample_84	0.26395	0.00504	0.73101
Sample_85	0.42680	0.00922	0.56398
Sample_86	0.30197	0.05358	0.64444
Sample_87	0.39624	0.00773	0.59603
Sample_88	0.20174	0.01190	0.78636
Sample_89	0.01753	0.00000	0.98247
Sample_90	0.33960	0.01476	0.64564
Sample_91	0.65458	0.00640	0.33902
Sample_92	0.13650	0.00000	0.86350
Sample_93	0.20311	0.01359	0.78330
Sample_94	0.26932	0.00296	0.72772
Sample_95	0.44191	0.01927	0.53882
Sample_96	0.69524	0.00000	0.30476
Sample_97	0.57913	0.00522	0.41564
Sample_98	0.47959	0.03501	0.48540
Sample_99	0.23351	0.00619	0.76030
Sample_100	0.71680	0.04023	0.24297
