#rfmix diploid global ancestry .Q format output
#sample	CEU	PUR	YRI
Sample_1	0.38889	0.02276	0.58836
Sample_2	0.24170	0.10043	0.65787
Sample_3	0.11224	0.03162	0.85614
Sample_4	0.15854	0.01626	0.82521
Sample_5	0.56957	0.05201	0.37842
Sample_6	0.17274	0.00223	0.82503
Sample_7	0.30990	0.00334	0.68676
Sample_8	0.16029	0.03743	0.80228
Sample_9	0.44934	0.02777	0.52289
Sample_10	0.26373	0.06125	0.67502
Sample_11	0.56485	0.01183	0.42333
Sample_12	0.50998	0.00659	0.48343
Sample_13	0.28412	0.03310	0.68278
Sample_14	0.41856	0.01525	0.56618
Sample_15	0.25076	0.00000	0.74924
Sample_16	0.38351	0.00635	0.61014
Sample_17	0.34831	0.02770	0.62399
Sample_18	0.21227	0.02777	0.75996
Sample_19	0.32157	0.00836	0.67006
Sample_20	0.40459	0.01228	0.58312
Sample_21	0.38992	0.02777	0.58231
Sample_22	0.24291	0.02710	0.73000
Sample_23	0.57567	0.00000	0.42433
Sample_24	0.57731	0.01081	0.41188
Sample_25	0.75025	0.00000	0.24975
Sample_26	0.02000	0.01093	0.96907
Sample_27	0.35897	0.00000	0.64103
Sample_28	0.26474	0.02052	0.71474
Sample_29	0.55601	0.00453	0.43946
Sample_30	0.05792	0.00000	0.94208
Sample_31	0.49040	0.00000	0.50960
Sample_32	0.19603	0.00000	0.80397
Sample_33	0.37288	0.00877	0.61834
Sample_34	0.18106	0.01339	0.80555
Sample_35	0.18512	0.00529	0.80959
Sample_36	0.20063	0.00268	0.79669
Sample_37	0.42954	0.00000	0.57046
Sample_38	0.46221	0.05896	0.47882
Sample_39	0.25376	0.03568	0.71056
Sample_40	0.29673	0.01079	0.69248
Sample_41	0.66555	0.02310	0.31135
Sample_42	0.43275	0.00528	0.56197
Sample_43	0.27366	0.00000	0.72634
Sample_44	0.63921	0.10122	0.25957
Sample_45	0.42749	0.05381	0.51871
Sample_46	0.17861	0.00491	0.81647
Sample_47	0.23768	0.00000	0.76232
Sample_48	0.50052	0.00000	0.49948
Sample_49	0.12429	0.01135	0.86436
Sample_50	0.18879	0.01059	0.80062
Sample_51	0.37433	0.00268	0.62299
Sample_52	0.33167	0.02777	0.64056
Sample_53	0.27935	0.00371	0.71695
Sample_54	0.45546	0.00633	0.53821
Sample_55	0.13163	0.01022	0.85815
Sample_56	0.21080	0.05074	0.73846
Sample_57	0.23541	0.00940	0.75519
Sample_58	0.32740	0.09710	0.57550
Sample_59	0.36110	0.00400	0.63490
Sample_60	0.56728	0.00757	0.42515
Sample_61	0.29134	0.00721	0.70145
Sample_62	0.16395	0.00000	0.83605
Sample_63	0.34818	0.00000	0.65182
Sample_64	0.59078	0.00268	0.40654
Sample_65	0.20791	0.01188	0.78021
Sample_66	0.05808	0.00000	0.94192
Sample_67	0.29807	0.00000	0.70193
Sample_68	0.08429	0.00755	0.90816
Sample_69	0.24989	0.00000	0.75011
Sample_70	0.42734	0.08199	0.49067
Sample_71	0.30444	0.00674	0.68882
Sample_72	0.50075	0.00575	0.49349
Sample_73	0.30245	0.01032	0.68722
Sample_74	0.37472	0.00571	0.61957
Sample_75	0.16651	0.01767	0.81582
Sample_76	0.29160	0.01267	0.69573
Sample_77	0.34818	0.00857	0.64324
Sample_78	0.54773	0.00000	0.45227
Sample_79	0.20386	0.00977	0.78637
Sample_80	0.53420	0.00000	0.46580
Sample_81	0.39825	0.02107	0.58068
Sample_82	0.57247	0.00493	0.42260
Sample_83	0.06657	0.04047	0.89297
Sample_84	0.44286	0.00000	0.55714
Sample_85	0.34012	0.01476	0.64512
Sample_86	0.43952	0.00000	0.56048
Sample_87	0.43112	0.03829	0.53059
Sample_88	0.26450	0.03203	0.70347
Sample_89	0.43562	0.01654	0.54784
Sample_90	0.40492	0.01260	0.58248
Sample_91	0.34937	0.00000	0.65063
Sample_92	0.42858	0.00000	0.57142
Sample_93	0.37421	0.00000	0.62579
Sample_94	0.14342	0.00300	0.85357
Sample_95	0.40941	0.00375	0.58683
Sample_96	0.66169	0.03350	0.30481
Sample_97	0.54978	0.05482	0.39540
Sample_98	0.44959	0.00553	0.54488
Sample_99	0.03124	0.00755	0.96120
Sample_100	0.25112	0.00223	0.74665
