#rfmix diploid global ancestry .Q format output
#sample	CEU	PUR	YRI
Sample_1	0.28480	0.00000	0.71520
Sample_2	0.44192	0.00000	0.55808
Sample_3	0.03053	0.00000	0.96947
Sample_4	0.49262	0.00000	0.50738
Sample_5	0.31720	0.00000	0.68280
Sample_6	0.30427	0.00000	0.69573
Sample_7	0.25901	0.00000	0.74099
Sample_8	0.65711	0.00000	0.34289
Sample_9	0.32078	0.00000	0.67922
Sample_10	0.31571	0.00736	0.67693
Sample_11	0.11744	0.00000	0.88256
Sample_12	0.33166	0.03405	0.63429
Sample_13	0.49075	0.02050	0.48875
Sample_14	0.49188	0.00000	0.50812
Sample_15	0.04171	0.05652	0.90177
Sample_16	0.34719	0.00679	0.64602
Sample_17	0.38256	0.00576	0.61168
Sample_18	0.15209	0.00000	0.84791
Sample_19	0.06788	0.00000	0.93212
Sample_20	0.16735	0.16434	0.66831
Sample_21	0.37311	0.00000	0.62689
Sample_22	0.48266	0.00000	0.51734
Sample_23	0.22933	0.06869	0.70197
Sample_24	0.09116	0.00000	0.90884
Sample_25	0.39782	0.04969	0.55249
Sample_26	0.05773	0.00000	0.94227
Sample_27	0.68954	0.00000	0.31046
Sample_28	0.16683	0.00000	0.83317
Sample_29	0.78846	0.01250	0.19904
Sample_30	0.62151	0.00000	0.37849
Sample_31	0.36947	0.00000	0.63053
Sample_32	0.45859	0.00000	0.54141
Sample_33	0.21078	0.00724	0.78198
Sample_34	0.06671	0.02050	0.91279
Sample_35	0.51735	0.01909	0.46356
Sample_36	0.43199	0.00000	0.56801
Sample_37	0.03633	0.00000	0.96367
Sample_38	0.45521	0.03313	0.51166
Sample_39	0.03683	0.00793	0.95524
Sample_40	0.08603	0.00000	0.91397
Sample_41	0.45048	0.00000	0.54952
Sample_42	0.54903	0.02290	0.42808
Sample_43	0.10337	0.00000	0.89663
Sample_44	0.41781	0.00000	0.58219
Sample_45	0.29727	0.04465	0.65808
Sample_46	0.45256	0.00000	0.54744
Sample_47	0.28729	0.00000	0.71271
Sample_48	0.30530	0.00000	0.69470
Sample_49	0.20777	0.00000	0.79223
Sample_50	0.24978	0.00000	0.75022
Sample_51	0.38335	0.00000	0.61665
Sample_52	0.44748	0.02162	0.53089
Sample_53	0.15950	0.00000	0.84050
Sample_54	0.30488	0.02050	0.67462
Sample_55	0.35486	0.00000	0.64514
Sample_56	0.34858	0.00000	0.65142
Sample_57	0.38644	0.00000	0.61356
Sample_58	0.24394	0.00000	0.75606
Sample_59	0.07808	0.00000	0.92192
Sample_60	0.36769	0.00000	0.63231
Sample_61	0.47373	0.00665	0.51963
Sample_62	0.36916	0.13544	0.49540
Sample_63	0.19047	0.02576	0.78378
Sample_64	0.13174	0.00926	0.85900
Sample_65	0.02660	0.00000	0.97340
Sample_66	0.46686	0.00000	0.53314
Sample_67	0.18930	0.01101	0.79970
Sample_68	0.44024	0.00556	0.55419
Sample_69	0.22925	0.00836	0.76238
Sample_70	0.57500	0.00000	0.42500
Sample_71	0.06259	0.00000	0.93741
Sample_72	0.40845	0.09589	0.49566
Sample_73	0.62876	0.00000	0.37124
Sample_74	0.30168	0.00000	0.69832
Sample_75	0.42788	0.00000	0.57212
Sample_76	0.35791	0.01664	0.62545
Sample_77	0.66662	0.00000	0.33338
Sample_78	0.23299	0.03301	0.73400
Sample_79	0.27478	0.00000	0.72522
Sample_80	0.35495	0.00000	0.64505
Sample_81	0.04165	0.00973	0.94862
Sample_82	0.13269	0.00392	0.86339
Sample_83	0.16634	0.00000	0.83366
Sample_84	0.50705	0.00000	0.49295
Sample_85	0.04940	0.03420	0.91640
Sample_86	0.26949	0.00000	0.73051
Sample_87	0.16595	0.02050	0.81355
Sample_88	0.44978	0.00000	0.55022
Sample_89	0.81497	0.00000	0.18503
Sample_90	0.48031	0.00000	0.51969
Sample_91	0.37949	0.01201	0.60850
Sample_92	0.43639	0.00000	0.56361
Sample_93	0.32465	0.01638	0.65897
Sample_94	0.21896	0.02050	0.76054
Sample_95	0.37905	0.00000	0.62095
Sample_96	0.04639	0.00892	0.94469
Sample_97	0.57934	0.04316	0.37750
Sample_98	0.20670	0.00000	0.79330
Sample_99	0.25260	0.00000	0.74740
Sample_100	0.20082	0.03725	0.76193
