#rfmix diploid global ancestry .Q format output
#sample	CEU	PUR	YRI
Sample_1	0.21761	0.00000	0.78239
Sample_2	0.42532	0.01730	0.55737
Sample_3	0.34192	0.01026	0.64783
Sample_4	0.83374	0.00000	0.16626
Sample_5	0.68156	0.00000	0.31844
Sample_6	0.34914	0.00000	0.65086
Sample_7	0.43359	0.00000	0.56641
Sample_8	0.39123	0.01559	0.59318
Sample_9	0.20955	0.00000	0.79045
Sample_10	0.00000	0.00000	1.00000
Sample_11	0.07828	0.00000	0.92172
Sample_12	0.21464	0.00000	0.78536
Sample_13	0.34200	0.00000	0.65800
Sample_14	0.69388	0.00000	0.30612
Sample_15	0.20174	0.00000	0.79826
Sample_16	0.70626	0.00000	0.29374
Sample_17	0.19146	0.00000	0.80854
Sample_18	0.15019	0.00000	0.84981
Sample_19	0.11505	0.00000	0.88495
Sample_20	0.71844	0.00000	0.28156
Sample_21	0.36580	0.00000	0.63420
Sample_22	0.31535	0.00797	0.67669
Sample_23	0.40724	0.09385	0.49891
Sample_24	0.32621	0.00000	0.67379
Sample_25	0.39243	0.00000	0.60757
Sample_26	0.10934	0.00000	0.89066
Sample_27	0.57332	0.00000	0.42668
Sample_28	0.57160	0.00000	0.42840
Sample_29	0.19506	0.00000	0.80494
Sample_30	0.46753	0.00000	0.53247
Sample_31	0.27937	0.00000	0.72063
Sample_32	0.15572	0.00000	0.84428
Sample_33	0.06770	0.05962	0.87268
Sample_34	0.32347	0.00000	0.67653
Sample_35	0.44607	0.00000	0.55393
Sample_36	0.32462	0.00000	0.67538
Sample_37	0.44050	0.00000	0.55950
Sample_38	0.26046	0.00000	0.73954
Sample_39	0.01126	0.00000	0.98874
Sample_40	0.52420	0.02548	0.45033
Sample_41	0.21753	0.00000	0.78247
Sample_42	0.23520	0.00000	0.76480
Sample_43	0.32698	0.00000	0.67302
Sample_44	0.19274	0.00000	0.80726
Sample_45	0.45861	0.00000	0.54139
Sample_46	0.50000	0.00000	0.50000
Sample_47	0.22822	0.00000	0.77178
Sample_48	0.18247	0.00000	0.81753
Sample_49	0.09629	0.00000	0.90371
Sample_50	0.41909	0.00000	0.58091
Sample_51	0.01783	0.00695	0.97521
Sample_52	0.13676	0.00000	0.86324
Sample_53	0.80682	0.00000	0.19318
Sample_54	0.43520	0.00000	0.56480
Sample_55	0.47984	0.00000	0.52016
Sample_56	0.30347	0.00695	0.68958
Sample_57	0.40405	0.00000	0.59595
Sample_58	0.40985	0.00000	0.59015
Sample_59	0.17810	0.02573	0.79617
Sample_60	0.01690	0.00901	0.97410
Sample_61	0.33896	0.00000	0.66104
Sample_62	0.13274	0.00000	0.86726
Sample_63	0.65483	0.00000	0.34517
Sample_64	0.06383	0.00000	0.93617
Sample_65	0.46483	0.00000	0.53517
Sample_66	0.32083	0.00000	0.67917
Sample_67	0.39888	0.01026	0.59086
Sample_68	0.30854	0.00695	0.68451
Sample_69	0.44092	0.00000	0.55908
Sample_70	0.56343	0.00000	0.43657
Sample_71	0.08772	0.00000	0.91228
Sample_72	0.54311	0.00000	0.45689
Sample_73	0.55173	0.00571	0.44256
Sample_74	0.04556	0.00000	0.95444
Sample_75	0.17622	0.00000	0.82378
Sample_76	0.26638	0.00000	0.73362
Sample_77	0.01799	0.00000	0.98201
Sample_78	0.48712	0.00000	0.51288
Sample_79	0.10268	0.00000	0.89732
Sample_80	0.48248	0.00000	0.51752
Sample_81	0.61528	0.02313	0.36159
Sample_82	0.95527	0.00000	0.04473
Sample_83	0.30726	0.00000	0.69274
Sample_84	0.14193	0.00000	0.85807
Sample_85	0.13534	0.04051	0.82414
Sample_86	0.18856	0.00000	0.81144
Sample_87	0.54493	0.07417	0.38089
Sample_88	0.43691	0.00000	0.56309
Sample_89	0.40632	0.00000	0.59368
Sample_90	0.15935	0.01304	0.82761
Sample_91	0.24703	0.00000	0.75297
Sample_92	0.06459	0.00000	0.93541
Sample_93	0.38784	0.01554	0.59662
Sample_94	0.33587	0.00695	0.65718
Sample_95	0.29145	0.00000	0.70855
Sample_96	0.41489	0.00000	0.58511
Sample_97	0.28653	0.00000	0.71347
Sample_98	0.29854	0.00000	0.70146
Sample_99	0.50000	0.00000	0.50000
Sample_100	0.22817	0.00000	0.77183
