#rfmix diploid global ancestry .Q format output
#sample	CEU	PUR	YRI
Sample_1	0.28989	0.00000	0.71011
Sample_2	0.27007	0.00000	0.72993
Sample_3	0.45194	0.19038	0.35768
Sample_4	0.32763	0.00000	0.67237
Sample_5	0.63445	0.07644	0.28910
Sample_6	0.12969	0.01293	0.85739
Sample_7	0.49684	0.00967	0.49349
Sample_8	0.38327	0.00000	0.61673
Sample_9	0.47203	0.00000	0.52797
Sample_10	0.09782	0.00000	0.90218
Sample_11	0.27047	0.00000	0.72953
Sample_12	0.00453	0.00000	0.99547
Sample_13	0.59614	0.00000	0.40386
Sample_14	0.11977	0.00000	0.88023
Sample_15	0.63484	0.00000	0.36516
Sample_16	0.03393	0.01620	0.94988
Sample_17	0.24073	0.01081	0.74846
Sample_18	0.52338	0.00000	0.47662
Sample_19	0.38560	0.00000	0.61440
Sample_20	0.47921	0.00740	0.51339
Sample_21	0.16935	0.00000	0.83065
Sample_22	0.02759	0.00914	0.96327
Sample_23	0.10563	0.01941	0.87496
Sample_24	0.20341	0.01293	0.78366
Sample_25	0.10776	0.00000	0.89224
Sample_26	0.01115	0.00000	0.98885
Sample_27	0.13195	0.00000	0.86805
Sample_28	0.34953	0.00000	0.65047
Sample_29	0.37802	0.00000	0.62198
Sample_30	0.00000	0.00000	1.00000
Sample_31	0.50000	0.00000	0.50000
Sample_32	0.40800	0.00000	0.59200
Sample_33	0.73097	0.00000	0.26903
Sample_34	0.31314	0.00000	0.68686
Sample_35	0.51966	0.00000	0.48034
Sample_36	0.08840	0.00000	0.91160
Sample_37	0.64632	0.00609	0.34759
Sample_38	0.34537	0.00000	0.65463
Sample_39	0.98822	0.00000	0.01178
Sample_40	0.33676	0.00000	0.66324
Sample_41	0.31667	0.00000	0.68333
Sample_42	0.09868	0.00000	0.90132
Sample_43	0.04288	0.00000	0.95712
Sample_44	0.47513	0.00000	0.52487
Sample_45	0.85869	0.00000	0.14131
Sample_46	0.45962	0.00000	0.54038
Sample_47	0.49602	0.00000	0.50398
Sample_48	0.79705	0.00849	0.19447
Sample_49	0.06195	0.00000	0.93805
Sample_50	0.24125	0.00000	0.75875
Sample_51	0.15395	0.00980	0.83625
Sample_52	0.60393	0.00000	0.39607
Sample_53	0.50000	0.00000	0.50000
Sample_54	0.25531	0.00967	0.73501
Sample_55	0.42270	0.00000	0.57730
Sample_56	0.24100	0.00980	0.74920
Sample_57	0.10331	0.00000	0.89669
Sample_58	0.25316	0.00000	0.74684
Sample_59	0.57161	0.00000	0.42839
Sample_60	0.12911	0.00000	0.87089
Sample_61	0.31816	0.02523	0.65661
Sample_62	1.00000	0.00000	0.00000
Sample_63	0.23693	0.00000	0.76307
Sample_64	0.57243	0.00000	0.42757
Sample_65	0.48498	0.00000	0.51502
Sample_66	0.21305	0.00000	0.78695
Sample_67	0.54138	0.00000	0.45862
Sample_68	0.40040	0.00000	0.59960
Sample_69	0.27302	0.00000	0.72698
Sample_70	0.08117	0.00000	0.91883
Sample_71	0.35228	0.00000	0.64772
Sample_72	0.24259	0.00000	0.75741
Sample_73	0.46056	0.00000	0.53944
Sample_74	0.00000	0.25423	0.74577
Sample_75	0.35113	0.00000	0.64887
Sample_76	0.01090	0.00000	0.98910
Sample_77	0.72348	0.02523	0.25129
Sample_78	0.61162	0.00000	0.38838
Sample_79	0.40116	0.01662	0.58222
Sample_80	0.54484	0.00000	0.45516
Sample_81	0.01550	0.00000	0.98450
Sample_82	0.10970	0.00000	0.89030
Sample_83	0.69599	0.06010	0.24391
Sample_84	0.49794	0.01054	0.49151
Sample_85	0.26823	0.00000	0.73177
Sample_86	0.53439	0.00000	0.46561
Sample_87	0.81092	0.00000	0.18908
Sample_88	0.60545	0.01620	0.37835
Sample_89	0.31542	0.00000	0.68458
Sample_90	0.20104	0.00000	0.79896
Sample_91	0.50000	0.00000	0.50000
Sample_92	0.36678	0.00000	0.63322
Sample_93	0.28363	0.20933	0.50704
Sample_94	0.08444	0.00617	0.90939
Sample_95	0.27250	0.00000	0.72750
Sample_96	0.75936	0.00000	0.24064
Sample_97	0.24598	0.02038	0.73364
Sample_98	0.03974	0.00000	0.96026
Sample_99	0.46565	0.00000	0.53435
Sample_100	0.21755	0.00000	0.78245
