#rfmix diploid global ancestry .Q format output
#sample	CEU	PUR	YRI
Sample_1	0.30467	0.00497	0.69035
Sample_2	0.48404	0.00252	0.51344
Sample_3	0.15391	0.00854	0.83755
Sample_4	0.27085	0.01304	0.71611
Sample_5	0.14902	0.00000	0.85098
Sample_6	0.47812	0.01163	0.51025
Sample_7	0.40701	0.00415	0.58884
Sample_8	0.31286	0.00210	0.68504
Sample_9	0.19323	0.01890	0.78787
Sample_10	0.57615	0.00337	0.42048
Sample_11	0.45403	0.01856	0.52740
Sample_12	0.16173	0.00531	0.83295
Sample_13	0.48336	0.03884	0.47780
Sample_14	0.39960	0.00000	0.60040
Sample_15	0.26380	0.00726	0.72894
Sample_16	0.27026	0.01596	0.71378
Sample_17	0.38405	0.01866	0.59729
Sample_18	0.39153	0.00900	0.59948
Sample_19	0.38657	0.01110	0.60232
Sample_20	0.22467	0.01024	0.76509
Sample_21	0.39291	0.00000	0.60709
Sample_22	0.19504	0.01606	0.78889
Sample_23	0.31507	0.03089	0.65404
Sample_24	0.34806	0.00837	0.64357
Sample_25	0.31985	0.00199	0.67816
Sample_26	0.15072	0.00000	0.84928
Sample_27	0.26654	0.00669	0.72677
Sample_28	0.44188	0.00914	0.54897
Sample_29	0.22276	0.01097	0.76627
Sample_30	0.65465	0.03293	0.31242
Sample_31	0.08690	0.01063	0.90247
Sample_32	0.14778	0.00533	0.84689
Sample_33	0.43422	0.01438	0.55140
Sample_34	0.33874	0.00972	0.65154
Sample_35	0.39015	0.03092	0.57893
Sample_36	0.35718	0.01449	0.62833
Sample_37	0.33406	0.00425	0.66169
Sample_38	0.31481	0.00291	0.68228
Sample_39	0.24283	0.00310	0.75406
Sample_40	0.35165	0.07706	0.57129
Sample_41	0.19809	0.00179	0.80012
Sample_42	0.33765	0.00623	0.65613
Sample_43	0.27051	0.05194	0.67755
Sample_44	0.07211	0.02058	0.90731
Sample_45	0.22138	0.00000	0.77862
Sample_46	0.16639	0.00589	0.82772
Sample_47	0.19244	0.01349	0.79408
Sample_48	0.41668	0.00295	0.58038
Sample_49	0.28667	0.01415	0.69918
Sample_50	0.25450	0.00915	0.73635
Sample_51	0.30667	0.00000	0.69333
Sample_52	0.52875	0.01464	0.45661
Sample_53	0.35736	0.00096	0.64167
Sample_54	0.33774	0.00452	0.65773
Sample_55	0.38580	0.00921	0.60499
Sample_56	0.30546	0.00622	0.68832
Sample_57	0.33278	0.03244	0.63478
Sample_58	0.06649	0.01955	0.91396
Sample_59	0.30270	0.01168	0.68561
Sample_60	0.47474	0.00442	0.52084
Sample_61	0.59199	0.02511	0.38289
Sample_62	0.34434	0.02266	0.63300
Sample_63	0.33987	0.00660	0.65353
Sample_64	0.08382	0.00000	0.91618
Sample_65	0.21032	0.00670	0.78298
Sample_66	0.24154	0.00216	0.75629
Sample_67	0.28721	0.00792	0.70487
Sample_68	0.58304	0.00832	0.40863
Sample_69	0.46905	0.00504	0.52591
Sample_70	0.25899	0.00743	0.73358
Sample_71	0.29657	0.00748	0.69595
Sample_72	0.67038	0.00291	0.32671
Sample_73	0.34020	0.00917	0.65064
Sample_74	0.63549	0.00609	0.35842
Sample_75	0.33069	0.01335	0.65597
Sample_76	0.15604	0.00000	0.84396
Sample_77	0.32954	0.02300	0.64746
Sample_78	0.07056	0.00957	0.91987
Sample_79	0.50106	0.01384	0.48511
Sample_80	0.18665	0.00558	0.80777
Sample_81	0.30801	0.00746	0.68453
Sample_82	0.53489	0.01260	0.45251
Sample_83	0.13983	0.01345	0.84672
Sample_84	0.36602	0.02898	0.60500
Sample_85	0.20455	0.02192	0.77353
Sample_86	0.21392	0.01552	0.77056
Sample_87	0.44339	0.00000	0.55661
Sample_88	0.40583	0.01963	0.57454
Sample_89	0.26959	0.00580	0.72461
Sample_90	0.42083	0.00075	0.57842
Sample_91	0.38708	0.00358	0.60934
Sample_92	0.53686	0.04320	0.41994
Sample_93	0.27870	0.01641	0.70489
Sample_94	0.54675	0.00795	0.44530
Sample_95	0.34062	0.03142	0.62796
Sample_96	0.36947	0.00000	0.63053
Sample_97	0.69206	0.00913	0.29881
Sample_98	0.29805	0.00489	0.69705
Sample_99	0.35333	0.00220	0.64447
Sample_100	0.52071	0.00122	0.47807
