#rfmix diploid global ancestry .Q format output
#sample	CEU	PUR	YRI
Sample_1	0.50131	0.00199	0.49670
Sample_2	0.51976	0.00572	0.47452
Sample_3	0.47896	0.00857	0.51247
Sample_4	0.32738	0.00000	0.67262
Sample_5	0.15802	0.01002	0.83195
Sample_6	0.22038	0.00000	0.77962
Sample_7	0.31672	0.00653	0.67675
Sample_8	0.20694	0.00748	0.78558
Sample_9	0.17278	0.00000	0.82722
Sample_10	0.19274	0.00382	0.80344
Sample_11	0.17557	0.00875	0.81568
Sample_12	0.67904	0.00398	0.31698
Sample_13	0.40468	0.00326	0.59205
Sample_14	0.27234	0.00970	0.71796
Sample_15	0.35013	0.00000	0.64987
Sample_16	0.64304	0.01371	0.34325
Sample_17	0.37948	0.03003	0.59049
Sample_18	0.21876	0.01287	0.76837
Sample_19	0.56375	0.00000	0.43625
Sample_20	0.35111	0.02309	0.62581
Sample_21	0.15804	0.01082	0.83114
Sample_22	0.41201	0.00000	0.58799
Sample_23	0.26190	0.00392	0.73418
Sample_24	0.23286	0.02011	0.74703
Sample_25	0.63398	0.00000	0.36602
Sample_26	0.51241	0.00594	0.48166
Sample_27	0.54002	0.00000	0.45998
Sample_28	0.59494	0.00000	0.40506
Sample_29	0.14617	0.00000	0.85383
Sample_30	0.40345	0.00456	0.59200
Sample_31	0.21597	0.03423	0.74980
Sample_32	0.22731	0.00000	0.77269
Sample_33	0.12119	0.01293	0.86588
Sample_34	0.20102	0.00751	0.79147
Sample_35	0.46513	0.04684	0.48803
Sample_36	0.46473	0.01053	0.52474
Sample_37	0.31168	0.00319	0.68513
Sample_38	0.27403	0.01477	0.71119
Sample_39	0.31421	0.00261	0.68319
Sample_40	0.24611	0.00996	0.74393
Sample_41	0.33354	0.00409	0.66237
Sample_42	0.42458	0.00452	0.57090
Sample_43	0.36428	0.09324	0.54249
Sample_44	0.20169	0.01571	0.78260
Sample_45	0.30341	0.00432	0.69227
Sample_46	0.20652	0.00409	0.78939
Sample_47	0.36429	0.02664	0.60907
Sample_48	0.57373	0.00748	0.41880
Sample_49	0.48834	0.00000	0.51166
Sample_50	0.18803	0.00675	0.80522
Sample_51	0.52813	0.00000	0.47187
Sample_52	0.49587	0.00840	0.49572
Sample_53	0.44188	0.00482	0.55329
Sample_54	0.22402	0.00409	0.77189
Sample_55	0.34127	0.00000	0.65873
Sample_56	0.27322	0.00164	0.72515
Sample_57	0.21726	0.01143	0.77131
Sample_58	0.47821	0.01557	0.50623
Sample_59	0.32499	0.00924	0.66578
Sample_60	0.31909	0.02288	0.65802
Sample_61	0.30750	0.01747	0.67503
Sample_62	0.31841	0.00281	0.67878
Sample_63	0.32279	0.00000	0.67721
Sample_64	0.25703	0.01762	0.72535
Sample_65	0.43314	0.00000	0.56686
Sample_66	0.66149	0.00315	0.33536
Sample_67	0.55687	0.00236	0.44078
Sample_68	0.36567	0.00930	0.62503
Sample_69	0.32341	0.01633	0.66027
Sample_70	0.41740	0.02052	0.56208
Sample_71	0.12701	0.04076	0.83223
Sample_72	0.51492	0.00931	0.47577
Sample_73	0.27715	0.01513	0.70772
Sample_74	0.45550	0.00155	0.54295
Sample_75	0.46487	0.00533	0.52980
Sample_76	0.05847	0.00525	0.93627
Sample_77	0.13455	0.00943	0.85602
Sample_78	0.44323	0.01471	0.54206
Sample_79	0.19059	0.00133	0.80807
Sample_80	0.51517	0.01593	0.46890
Sample_81	0.42567	0.01160	0.56273
Sample_82	0.58149	0.00708	0.41143
Sample_83	0.38691	0.01265	0.60043
Sample_84	0.68343	0.02285	0.29372
Sample_85	0.38371	0.00794	0.60835
Sample_86	0.51592	0.00000	0.48408
Sample_87	0.38693	0.00951	0.60356
Sample_88	0.45467	0.00997	0.53537
Sample_89	0.36580	0.01224	0.62197
Sample_90	0.32843	0.00265	0.66892
Sample_91	0.10470	0.00675	0.88855
Sample_92	0.29284	0.01428	0.69288
Sample_93	0.19803	0.00000	0.80197
Sample_94	0.17614	0.01611	0.80775
Sample_95	0.31095	0.01907	0.66998
Sample_96	0.65272	0.00000	0.34728
Sample_97	0.51209	0.00689	0.48101
Sample_98	0.30480	0.02032	0.67488
Sample_99	0.24401	0.00000	0.75599
Sample_100	0.27402	0.00419	0.72179
