#rfmix diploid global ancestry .Q format output
#sample	CEU	PUR	YRI
Sample_1	0.36986	0.01133	0.61881
Sample_2	0.50666	0.00991	0.48343
Sample_3	0.52543	0.01104	0.46353
Sample_4	0.21983	0.01713	0.76304
Sample_5	0.23527	0.00000	0.76473
Sample_6	0.31306	0.00232	0.68461
Sample_7	0.52845	0.00342	0.46814
Sample_8	0.25145	0.07187	0.67669
Sample_9	0.32505	0.01572	0.65923
Sample_10	0.27699	0.00278	0.72023
Sample_11	0.45236	0.00576	0.54189
Sample_12	0.35286	0.01326	0.63389
Sample_13	0.48273	0.01044	0.50682
Sample_14	0.34812	0.00337	0.64851
Sample_15	0.35487	0.00000	0.64513
Sample_16	0.39416	0.01357	0.59227
Sample_17	0.34605	0.03162	0.62233
Sample_18	0.43207	0.00864	0.55929
Sample_19	0.27389	0.00967	0.71644
Sample_20	0.29611	0.00383	0.70006
Sample_21	0.18158	0.01403	0.80439
Sample_22	0.27640	0.01241	0.71119
Sample_23	0.36233	0.00847	0.62920
Sample_24	0.12806	0.00000	0.87194
Sample_25	0.49624	0.00000	0.50376
Sample_26	0.29787	0.00258	0.69955
Sample_27	0.33299	0.00218	0.66482
Sample_28	0.51339	0.01394	0.47267
Sample_29	0.14989	0.01088	0.83923
Sample_30	0.46222	0.01313	0.52465
Sample_31	0.14298	0.04338	0.81364
Sample_32	0.13438	0.00535	0.86027
Sample_33	0.24799	0.01522	0.73679
Sample_34	0.53002	0.00940	0.46058
Sample_35	0.52298	0.01433	0.46269
Sample_36	0.21814	0.01047	0.77139
Sample_37	0.19172	0.00869	0.79959
Sample_38	0.34576	0.10465	0.54959
Sample_39	0.17328	0.01653	0.81020
Sample_40	0.52073	0.00878	0.47049
Sample_41	0.33857	0.00000	0.66143
Sample_42	0.26485	0.00804	0.72711
Sample_43	0.36378	0.00232	0.63389
Sample_44	0.35424	0.00000	0.64576
Sample_45	0.22804	0.00565	0.76631
Sample_46	0.46412	0.00395	0.53193
Sample_47	0.29697	0.01101	0.69201
Sample_48	0.51632	0.00539	0.47829
Sample_49	0.57968	0.00122	0.41910
Sample_50	0.26569	0.00410	0.73021
Sample_51	0.29827	0.00221	0.69952
Sample_52	0.28355	0.00832	0.70813
Sample_53	0.43712	0.01395	0.54893
Sample_54	0.43321	0.00515	0.56164
Sample_55	0.46801	0.01706	0.51492
Sample_56	0.19742	0.00672	0.79585
Sample_57	0.46603	0.00383	0.53014
Sample_58	0.26450	0.01281	0.72269
Sample_59	0.33094	0.00344	0.66562
Sample_60	0.25388	0.00000	0.74612
Sample_61	0.31814	0.01474	0.66712
Sample_62	0.36172	0.00901	0.62926
Sample_63	0.19258	0.00446	0.80296
Sample_64	0.19680	0.00133	0.80187
Sample_65	0.50727	0.00459	0.48814
Sample_66	0.33314	0.00417	0.66269
Sample_67	0.20250	0.00000	0.79750
Sample_68	0.13080	0.02146	0.84774
Sample_69	0.40606	0.00486	0.58907
Sample_70	0.62530	0.00998	0.36472
Sample_71	0.47492	0.04303	0.48205
Sample_72	0.31071	0.01176	0.67753
Sample_73	0.49415	0.00788	0.49797
Sample_74	0.33640	0.00238	0.66122
Sample_75	0.53256	0.00828	0.45917
Sample_76	0.51772	0.00176	0.48052
Sample_77	0.37156	0.00297	0.62547
Sample_78	0.35591	0.07830	0.56580
Sample_79	0.18304	0.00497	0.81199
Sample_80	0.22697	0.01680	0.75623
Sample_81	0.10991	0.00229	0.88780
Sample_82	0.35657	0.00661	0.63682
Sample_83	0.33656	0.00000	0.66344
Sample_84	0.27676	0.00638	0.71686
Sample_85	0.41085	0.00278	0.58637
Sample_86	0.53346	0.00000	0.46654
Sample_87	0.43221	0.00385	0.56395
Sample_88	0.38991	0.01751	0.59258
Sample_89	0.52497	0.00000	0.47503
Sample_90	0.32535	0.02821	0.64643
Sample_91	0.39032	0.00466	0.60503
Sample_92	0.46580	0.00786	0.52634
Sample_93	0.17924	0.00000	0.82076
Sample_94	0.06107	0.01242	0.92651
Sample_95	0.31707	0.03429	0.64864
Sample_96	0.57976	0.00486	0.41537
Sample_97	0.22757	0.00453	0.76790
Sample_98	0.29404	0.01692	0.68904
Sample_99	0.58701	0.00000	0.41299
Sample_100	0.24694	0.08260	0.67045
