#rfmix diploid global ancestry .Q format output
#sample	CEU	PUR	YRI
Sample_1	0.27620	0.01843	0.70537
Sample_2	0.17950	0.00515	0.81535
Sample_3	0.33151	0.00544	0.66305
Sample_4	0.34986	0.00888	0.64126
Sample_5	0.35384	0.01190	0.63426
Sample_6	0.46443	0.05959	0.47598
Sample_7	0.27893	0.01776	0.70331
Sample_8	0.48718	0.01348	0.49935
Sample_9	0.34177	0.00734	0.65089
Sample_10	0.24353	0.01096	0.74551
Sample_11	0.50463	0.00604	0.48933
Sample_12	0.28556	0.00453	0.70991
Sample_13	0.34887	0.00877	0.64236
Sample_14	0.18678	0.00383	0.80939
Sample_15	0.52536	0.01785	0.45679
Sample_16	0.38380	0.01798	0.59822
Sample_17	0.37613	0.00953	0.61434
Sample_18	0.30962	0.02203	0.66835
Sample_19	0.24536	0.01697	0.73768
Sample_20	0.20790	0.00157	0.79053
Sample_21	0.53720	0.00000	0.46280
Sample_22	0.23759	0.02186	0.74055
Sample_23	0.25561	0.01755	0.72684
Sample_24	0.20842	0.01598	0.77560
Sample_25	0.05695	0.00360	0.93945
Sample_26	0.23182	0.01793	0.75025
Sample_27	0.31142	0.02007	0.66851
Sample_28	0.11112	0.00000	0.88888
Sample_29	0.37362	0.04798	0.57840
Sample_30	0.33835	0.01293	0.64872
Sample_31	0.60942	0.00000	0.39058
Sample_32	0.16231	0.00917	0.82852
Sample_33	0.46098	0.01163	0.52738
Sample_34	0.19029	0.01488	0.79482
Sample_35	0.30829	0.01863	0.67308
Sample_36	0.27238	0.01151	0.71612
Sample_37	0.50732	0.00983	0.48285
Sample_38	0.41553	0.00713	0.57735
Sample_39	0.39351	0.00278	0.60372
Sample_40	0.08257	0.00424	0.91319
Sample_41	0.17207	0.01620	0.81173
Sample_42	0.35863	0.01112	0.63024
Sample_43	0.33656	0.02668	0.63675
Sample_44	0.37200	0.00924	0.61876
Sample_45	0.68183	0.01784	0.30033
Sample_46	0.42584	0.01213	0.56203
Sample_47	0.63320	0.01421	0.35259
Sample_48	0.46063	0.00899	0.53038
Sample_49	0.09077	0.00000	0.90923
Sample_50	0.24393	0.01674	0.73933
Sample_51	0.34734	0.00202	0.65064
Sample_52	0.05570	0.00000	0.94430
Sample_53	0.43367	0.01456	0.55177
Sample_54	0.31551	0.01017	0.67432
Sample_55	0.42850	0.00562	0.56588
Sample_56	0.46534	0.00000	0.53466
Sample_57	0.32491	0.03573	0.63936
Sample_58	0.29776	0.00000	0.70224
Sample_59	0.24904	0.01194	0.73902
Sample_60	0.41629	0.01156	0.57215
Sample_61	0.12959	0.00105	0.86936
Sample_62	0.30836	0.01968	0.67196
Sample_63	0.29951	0.00172	0.69877
Sample_64	0.28012	0.00595	0.71393
Sample_65	0.31896	0.04393	0.63711
Sample_66	0.39407	0.00931	0.59662
Sample_67	0.40554	0.00411	0.59035
Sample_68	0.31239	0.00611	0.68150
Sample_69	0.39197	0.04529	0.56274
Sample_70	0.34313	0.02164	0.63522
Sample_71	0.31532	0.01774	0.66694
Sample_72	0.32868	0.02578	0.64554
Sample_73	0.26699	0.00773	0.72528
Sample_74	0.54954	0.01602	0.43444
Sample_75	0.06065	0.01917	0.92018
Sample_76	0.24852	0.01965	0.73183
Sample_77	0.23942	0.00794	0.75265
Sample_78	0.59018	0.00000	0.40982
Sample_79	0.31041	0.06067	0.62892
Sample_80	0.40304	0.03003	0.56693
Sample_81	0.36449	0.03957	0.59595
Sample_82	0.32351	0.00874	0.66776
Sample_83	0.23921	0.01761	0.74318
Sample_84	0.47848	0.00548	0.51604
Sample_85	0.38827	0.01550	0.59623
Sample_86	0.40959	0.02788	0.56253
Sample_87	0.25730	0.01233	0.73037
Sample_88	0.21566	0.01807	0.76627
Sample_89	0.58079	0.01265	0.40655
Sample_90	0.52823	0.01368	0.45810
Sample_91	0.39893	0.00536	0.59570
Sample_92	0.25290	0.03382	0.71329
Sample_93	0.17557	0.01508	0.80934
Sample_94	0.23055	0.02069	0.74876
Sample_95	0.46799	0.00266	0.52935
Sample_96	0.20594	0.01811	0.77595
Sample_97	0.07902	0.00749	0.91349
Sample_98	0.30373	0.00000	0.69627
Sample_99	0.34879	0.01710	0.63411
Sample_100	0.32981	0.01734	0.65285
