#rfmix diploid global ancestry .Q format output
#sample	CEU	PUR	YRI
Sample_1	0.10397	0.00506	0.89097
Sample_2	0.51915	0.01645	0.46440
Sample_3	0.24515	0.02854	0.72630
Sample_4	0.50873	0.00794	0.48333
Sample_5	0.30761	0.01011	0.68228
Sample_6	0.45029	0.00782	0.54189
Sample_7	0.21585	0.02176	0.76238
Sample_8	0.29385	0.00553	0.70062
Sample_9	0.56629	0.00853	0.42519
Sample_10	0.22887	0.01420	0.75693
Sample_11	0.23408	0.03493	0.73099
Sample_12	0.40808	0.00506	0.58686
Sample_13	0.45418	0.01492	0.53090
Sample_14	0.23405	0.02135	0.74460
Sample_15	0.48098	0.01122	0.50780
Sample_16	0.28353	0.00187	0.71460
Sample_17	0.32456	0.00836	0.66708
Sample_18	0.39617	0.01791	0.58591
Sample_19	0.19286	0.03047	0.77668
Sample_20	0.27345	0.01670	0.70985
Sample_21	0.27817	0.00606	0.71577
Sample_22	0.23540	0.00997	0.75463
Sample_23	0.24281	0.00163	0.75556
Sample_24	0.22249	0.01112	0.76639
Sample_25	0.53732	0.00506	0.45762
Sample_26	0.20246	0.01143	0.78611
Sample_27	0.46852	0.03175	0.49973
Sample_28	0.58346	0.00506	0.41148
Sample_29	0.15558	0.01574	0.82868
Sample_30	0.37308	0.00000	0.62692
Sample_31	0.09152	0.01344	0.89504
Sample_32	0.47748	0.03380	0.48872
Sample_33	0.16730	0.05722	0.77548
Sample_34	0.27257	0.03763	0.68980
Sample_35	0.39418	0.01371	0.59212
Sample_36	0.38802	0.02068	0.59130
Sample_37	0.15234	0.01540	0.83226
Sample_38	0.55691	0.00667	0.43642
Sample_39	0.07986	0.01612	0.90402
Sample_40	0.25675	0.00619	0.73706
Sample_41	0.13286	0.01356	0.85358
Sample_42	0.21106	0.00000	0.78894
Sample_43	0.41818	0.00954	0.57227
Sample_44	0.26267	0.00000	0.73733
Sample_45	0.05501	0.00000	0.94499
Sample_46	0.33420	0.00919	0.65661
Sample_47	0.45949	0.00999	0.53052
Sample_48	0.42755	0.03877	0.53368
Sample_49	0.16584	0.03978	0.79438
Sample_50	0.43303	0.01917	0.54780
Sample_51	0.21403	0.02097	0.76500
Sample_52	0.15698	0.00384	0.83918
Sample_53	0.30313	0.01138	0.68549
Sample_54	0.33830	0.00506	0.65664
Sample_55	0.01027	0.00652	0.98320
Sample_56	0.31235	0.00197	0.68568
Sample_57	0.07214	0.00598	0.92188
Sample_58	0.20208	0.01509	0.78283
Sample_59	0.26317	0.02693	0.70990
Sample_60	0.46225	0.02584	0.51191
Sample_61	0.33200	0.00000	0.66800
Sample_62	0.23362	0.02022	0.74617
Sample_63	0.34083	0.00772	0.65144
Sample_64	0.49115	0.00119	0.50766
Sample_65	0.42635	0.01421	0.55944
Sample_66	0.43302	0.16141	0.40556
Sample_67	0.23977	0.04312	0.71711
Sample_68	0.24142	0.00907	0.74951
Sample_69	0.20093	0.02191	0.77716
Sample_70	0.14680	0.02020	0.83300
Sample_71	0.18145	0.01173	0.80682
Sample_72	0.36641	0.00559	0.62800
Sample_73	0.30125	0.00000	0.69875
Sample_74	0.30004	0.00823	0.69173
Sample_75	0.42267	0.00984	0.56749
Sample_76	0.24283	0.02067	0.73650
Sample_77	0.50085	0.00300	0.49615
Sample_78	0.62006	0.01547	0.36447
Sample_79	0.27828	0.00000	0.72172
Sample_80	0.17978	0.01173	0.80849
Sample_81	0.46757	0.01370	0.51874
Sample_82	0.58109	0.00286	0.41605
Sample_83	0.46367	0.01471	0.52161
Sample_84	0.22278	0.00384	0.77337
Sample_85	0.51686	0.01639	0.46675
Sample_86	0.31611	0.00962	0.67426
Sample_87	0.53146	0.06772	0.40082
Sample_88	0.20050	0.00669	0.79282
Sample_89	0.49938	0.00822	0.49239
Sample_90	0.22297	0.03235	0.74468
Sample_91	0.19623	0.00737	0.79640
Sample_92	0.71442	0.03046	0.25512
Sample_93	0.14972	0.00000	0.85028
Sample_94	0.60591	0.00633	0.38776
Sample_95	0.24301	0.02725	0.72975
Sample_96	0.22142	0.02804	0.75054
Sample_97	0.08271	0.02844	0.88884
Sample_98	0.49999	0.00826	0.49176
Sample_99	0.37778	0.00000	0.62222
Sample_100	0.19692	0.00656	0.79652
