#rfmix diploid global ancestry .Q format output
#sample	CEU	PUR	YRI
Sample_1	0.32841	0.00000	0.67159
Sample_2	0.46133	0.00000	0.53867
Sample_3	0.54741	0.01466	0.43793
Sample_4	0.52076	0.03292	0.44632
Sample_5	0.56518	0.02704	0.40777
Sample_6	0.40788	0.00000	0.59212
Sample_7	0.06748	0.00000	0.93252
Sample_8	0.48306	0.03751	0.47944
Sample_9	0.31303	0.00000	0.68697
Sample_10	0.40252	0.00000	0.59748
Sample_11	0.25777	0.08659	0.65565
Sample_12	0.20671	0.00164	0.79165
Sample_13	0.62133	0.01361	0.36506
Sample_14	0.51575	0.00000	0.48425
Sample_15	0.10541	0.00630	0.88828
Sample_16	0.48512	0.02749	0.48739
Sample_17	0.27815	0.00546	0.71639
Sample_18	0.37855	0.03004	0.59142
Sample_19	0.04314	0.00162	0.95525
Sample_20	0.33651	0.00000	0.66349
Sample_21	0.29078	0.03044	0.67878
Sample_22	0.09983	0.05738	0.84278
Sample_23	0.31436	0.02368	0.66196
Sample_24	0.52761	0.02466	0.44772
Sample_25	0.39534	0.00000	0.60466
Sample_26	0.42033	0.03503	0.54464
Sample_27	0.17774	0.06675	0.75551
Sample_28	0.63019	0.00440	0.36541
Sample_29	0.27477	0.00000	0.72523
Sample_30	0.21551	0.00434	0.78015
Sample_31	0.52534	0.00916	0.46551
Sample_32	0.55119	0.00261	0.44620
Sample_33	0.32334	0.07842	0.59824
Sample_34	0.65955	0.00000	0.34045
Sample_35	0.39004	0.00440	0.60555
Sample_36	0.37712	0.00546	0.61742
Sample_37	0.47988	0.01830	0.50182
Sample_38	0.39407	0.00581	0.60012
Sample_39	0.45706	0.00000	0.54294
Sample_40	0.33274	0.00000	0.66726
Sample_41	0.33284	0.00362	0.66354
Sample_42	0.58492	0.05622	0.35885
Sample_43	0.12401	0.03230	0.84370
Sample_44	0.62072	0.00505	0.37423
Sample_45	0.32147	0.00879	0.66973
Sample_46	0.53789	0.03662	0.42549
Sample_47	0.48656	0.01710	0.49634
Sample_48	0.33815	0.00000	0.66185
Sample_49	0.53541	0.00425	0.46034
Sample_50	0.42982	0.00000	0.57018
Sample_51	0.49049	0.00000	0.50951
Sample_52	0.46661	0.01041	0.52298
Sample_53	0.16607	0.00811	0.82581
Sample_54	0.48865	0.00000	0.51135
Sample_55	0.23982	0.02852	0.73166
Sample_56	0.31201	0.00793	0.68007
Sample_57	0.19548	0.00307	0.80145
Sample_58	0.26326	0.00000	0.73674
Sample_59	0.53561	0.00805	0.45634
Sample_60	0.35479	0.04473	0.60047
Sample_61	0.32199	0.00000	0.67801
Sample_62	0.51688	0.00000	0.48312
Sample_63	0.43461	0.02972	0.53567
Sample_64	0.45922	0.00000	0.54078
Sample_65	0.24600	0.00339	0.75062
Sample_66	0.41398	0.01166	0.57436
Sample_67	0.57791	0.00000	0.42209
Sample_68	0.33069	0.00000	0.66931
Sample_69	0.31639	0.00172	0.68189
Sample_70	0.44831	0.00233	0.54936
Sample_71	0.38833	0.00000	0.61167
Sample_72	0.21202	0.00955	0.77843
Sample_73	0.09615	0.02209	0.88176
Sample_74	0.37872	0.00000	0.62128
Sample_75	0.46867	0.01770	0.51362
Sample_76	0.14070	0.00940	0.84991
Sample_77	0.59074	0.01987	0.38939
Sample_78	0.18997	0.03483	0.77520
Sample_79	0.22326	0.00247	0.77427
Sample_80	0.26903	0.00750	0.72347
Sample_81	0.50829	0.00000	0.49171
Sample_82	0.62509	0.03433	0.34058
Sample_83	0.55211	0.01305	0.43484
Sample_84	0.42754	0.00000	0.57246
Sample_85	0.20180	0.01072	0.78748
Sample_86	0.16222	0.01296	0.82482
Sample_87	0.38740	0.01264	0.59996
Sample_88	0.26026	0.00717	0.73257
Sample_89	0.31095	0.00728	0.68176
Sample_90	0.71022	0.00000	0.28978
Sample_91	0.47484	0.03039	0.49478
Sample_92	0.12636	0.01151	0.86212
Sample_93	0.26286	0.02929	0.70785
Sample_94	0.20507	0.02681	0.76812
Sample_95	0.20285	0.01621	0.78093
Sample_96	0.57844	0.00730	0.41426
Sample_97	0.14075	0.00000	0.85925
Sample_98	0.33410	0.00000	0.66590
Sample_99	0.17872	0.00000	0.82128
Sample_100	0.46802	0.00000	0.53198
