#rfmix diploid global ancestry .Q format output
#sample	CEU	PUR	YRI
Sample_1	0.25396	0.00544	0.74060
Sample_2	0.18209	0.00138	0.81653
Sample_3	0.30366	0.04349	0.65284
Sample_4	0.16465	0.00399	0.83136
Sample_5	0.29365	0.01825	0.68810
Sample_6	0.52961	0.00623	0.46415
Sample_7	0.41589	0.00000	0.58411
Sample_8	0.35790	0.00807	0.63403
Sample_9	0.67346	0.00792	0.31862
Sample_10	0.54874	0.00507	0.44619
Sample_11	0.14908	0.02123	0.82969
Sample_12	0.38403	0.00792	0.60804
Sample_13	0.26006	0.00350	0.73644
Sample_14	0.46955	0.00433	0.52613
Sample_15	0.38382	0.00000	0.61618
Sample_16	0.31179	0.00350	0.68472
Sample_17	0.12964	0.02394	0.84642
Sample_18	0.47845	0.00000	0.52155
Sample_19	0.32174	0.00716	0.67110
Sample_20	0.30579	0.00000	0.69421
Sample_21	0.51733	0.00495	0.47772
Sample_22	0.53376	0.01062	0.45562
Sample_23	0.11669	0.00434	0.87897
Sample_24	0.33964	0.00847	0.65189
Sample_25	0.34045	0.01355	0.64600
Sample_26	0.48660	0.01963	0.49377
Sample_27	0.25158	0.00000	0.74842
Sample_28	0.40012	0.00000	0.59988
Sample_29	0.32666	0.00398	0.66936
Sample_30	0.18023	0.01201	0.80776
Sample_31	0.39569	0.00527	0.59904
Sample_32	0.53968	0.00000	0.46032
Sample_33	0.47434	0.00324	0.52242
Sample_34	0.32605	0.01332	0.66063
Sample_35	0.14162	0.00110	0.85727
Sample_36	0.64585	0.00727	0.34688
Sample_37	0.54487	0.00671	0.44842
Sample_38	0.30581	0.02405	0.67014
Sample_39	0.35604	0.00612	0.63784
Sample_40	0.61174	0.00441	0.38385
Sample_41	0.34122	0.00212	0.65666
Sample_42	0.50390	0.01408	0.48202
Sample_43	0.58819	0.02242	0.38940
Sample_44	0.35028	0.00149	0.64823
Sample_45	0.42932	0.02215	0.54852
Sample_46	0.56653	0.01911	0.41436
Sample_47	0.36749	0.00596	0.62655
Sample_48	0.69444	0.01080	0.29476
Sample_49	0.11098	0.01062	0.87840
Sample_50	0.10589	0.00920	0.88491
Sample_51	0.11146	0.00830	0.88024
Sample_52	0.23537	0.01488	0.74975
Sample_53	0.28069	0.03964	0.67967
Sample_54	0.41634	0.01436	0.56929
Sample_55	0.18810	0.02196	0.78995
Sample_56	0.12147	0.00612	0.87241
Sample_57	0.38380	0.00000	0.61620
Sample_58	0.23052	0.00189	0.76759
Sample_59	0.48967	0.01402	0.49631
Sample_60	0.35046	0.01291	0.63663
Sample_61	0.32705	0.01100	0.66195
Sample_62	0.41482	0.00426	0.58092
Sample_63	0.31485	0.00265	0.68250
Sample_64	0.13204	0.00000	0.86796
Sample_65	0.15561	0.00000	0.84439
Sample_66	0.14813	0.01888	0.83300
Sample_67	0.37803	0.01117	0.61080
Sample_68	0.40320	0.02638	0.57042
Sample_69	0.05198	0.01534	0.93268
Sample_70	0.29507	0.00437	0.70056
Sample_71	0.68030	0.00810	0.31159
Sample_72	0.70277	0.00000	0.29723
Sample_73	0.13655	0.05122	0.81223
Sample_74	0.14666	0.00855	0.84479
Sample_75	0.23357	0.00163	0.76479
Sample_76	0.40140	0.00000	0.59860
Sample_77	0.10492	0.01379	0.88128
Sample_78	0.45949	0.01895	0.52156
Sample_79	0.33437	0.01309	0.65254
Sample_80	0.28828	0.00760	0.70412
Sample_81	0.15977	0.00491	0.83531
Sample_82	0.34304	0.00212	0.65485
Sample_83	0.13395	0.00939	0.85666
Sample_84	0.14495	0.00504	0.85001
Sample_85	0.25149	0.00370	0.74481
Sample_86	0.53216	0.00819	0.45965
Sample_87	0.18682	0.00486	0.80832
Sample_88	0.55796	0.00187	0.44017
Sample_89	0.09236	0.01045	0.89719
Sample_90	0.82132	0.00000	0.17868
Sample_91	0.16722	0.01176	0.82102
Sample_92	0.43077	0.01632	0.55291
Sample_93	0.16005	0.00612	0.83383
Sample_94	0.33284	0.00614	0.66102
Sample_95	0.47165	0.01384	0.51451
Sample_96	0.22329	0.00433	0.77238
Sample_97	0.20556	0.00913	0.78532
Sample_98	0.03980	0.03506	0.92514
Sample_99	0.51222	0.00441	0.48337
Sample_100	0.15569	0.00282	0.84149
