#rfmix diploid global ancestry .Q format output
#sample	CEU	PUR	YRI
Sample_1	0.19304	0.00341	0.80355
Sample_2	0.43460	0.00000	0.56540
Sample_3	0.44742	0.00697	0.54561
Sample_4	0.36428	0.02555	0.61017
Sample_5	0.28772	0.00000	0.71228
Sample_6	0.40129	0.00000	0.59871
Sample_7	0.37337	0.00649	0.62014
Sample_8	0.48435	0.00649	0.50916
Sample_9	0.44244	0.01100	0.54656
Sample_10	0.62211	0.00517	0.37272
Sample_11	0.64766	0.01327	0.33907
Sample_12	0.41112	0.00852	0.58036
Sample_13	0.57240	0.01377	0.41383
Sample_14	0.18798	0.00252	0.80950
Sample_15	0.05730	0.00000	0.94270
Sample_16	0.61645	0.00000	0.38355
Sample_17	0.60503	0.00000	0.39497
Sample_18	0.35541	0.02118	0.62341
Sample_19	0.47742	0.00000	0.52258
Sample_20	0.61879	0.00000	0.38121
Sample_21	0.55079	0.00000	0.44921
Sample_22	0.10232	0.00000	0.89768
Sample_23	0.55602	0.00000	0.44398
Sample_24	0.08304	0.00995	0.90700
Sample_25	0.69011	0.02357	0.28632
Sample_26	0.06629	0.00000	0.93371
Sample_27	0.24692	0.00782	0.74526
Sample_28	0.58344	0.00000	0.41656
Sample_29	0.18843	0.01385	0.79772
Sample_30	0.21557	0.00000	0.78443
Sample_31	0.45788	0.00000	0.54212
Sample_32	0.25360	0.00303	0.74336
Sample_33	0.29770	0.00666	0.69565
Sample_34	0.27940	0.01119	0.70940
Sample_35	0.23118	0.00747	0.76136
Sample_36	0.42320	0.00858	0.56822
Sample_37	0.23248	0.00963	0.75789
Sample_38	0.16233	0.00546	0.83221
Sample_39	0.18375	0.00980	0.80646
Sample_40	0.45805	0.00000	0.54195
Sample_41	0.53032	0.00000	0.46968
Sample_42	0.18282	0.00560	0.81158
Sample_43	0.34775	0.00000	0.65225
Sample_44	0.25119	0.04301	0.70580
Sample_45	0.36136	0.04058	0.59806
Sample_46	0.59429	0.00362	0.40209
Sample_47	0.51384	0.00000	0.48616
Sample_48	0.76664	0.00000	0.23336
Sample_49	0.30563	0.04681	0.64756
Sample_50	0.44993	0.00000	0.55007
Sample_51	0.21561	0.00468	0.77971
Sample_52	0.24014	0.00641	0.75346
Sample_53	0.38632	0.00883	0.60485
Sample_54	0.40473	0.00000	0.59527
Sample_55	0.25505	0.00950	0.73546
Sample_56	0.14124	0.04694	0.81182
Sample_57	0.48255	0.00907	0.50839
Sample_58	0.32028	0.00000	0.67972
Sample_59	0.11587	0.01479	0.86934
Sample_60	0.32141	0.02010	0.65849
Sample_61	0.41996	0.04584	0.53419
Sample_62	0.58773	0.02678	0.38549
Sample_63	0.30396	0.01311	0.68293
Sample_64	0.61988	0.01569	0.36443
Sample_65	0.49363	0.00000	0.50637
Sample_66	0.82673	0.00656	0.16670
Sample_67	0.34963	0.00000	0.65037
Sample_68	0.12367	0.02816	0.84817
Sample_69	0.29386	0.00000	0.70614
Sample_70	0.39401	0.00472	0.60127
Sample_71	0.51231	0.15062	0.33707
Sample_72	0.59549	0.07575	0.32876
Sample_73	0.41811	0.08483	0.49706
Sample_74	0.39986	0.00349	0.59665
Sample_75	0.63372	0.00992	0.35636
Sample_76	0.27045	0.01655	0.71300
Sample_77	0.59324	0.00000	0.40676
Sample_78	0.42539	0.00000	0.57461
Sample_79	0.60187	0.00000	0.39813
Sample_80	0.08211	0.00830	0.90960
Sample_81	0.21488	0.05948	0.72564
Sample_82	0.32106	0.02539	0.65355
Sample_83	0.46632	0.00000	0.53368
Sample_84	0.39723	0.00782	0.59495
Sample_85	0.60122	0.02890	0.36988
Sample_86	0.48976	0.01315	0.49709
Sample_87	0.20175	0.02382	0.77442
Sample_88	0.32893	0.00168	0.66940
Sample_89	0.34489	0.01527	0.63985
Sample_90	0.35082	0.07603	0.57315
Sample_91	0.39349	0.00130	0.60521
Sample_92	0.46138	0.00000	0.53862
Sample_93	0.30007	0.00657	0.69336
Sample_94	0.31685	0.00130	0.68185
Sample_95	0.45318	0.01097	0.53585
Sample_96	0.30202	0.01950	0.67848
Sample_97	0.13856	0.00000	0.86144
Sample_98	0.28406	0.00500	0.71094
Sample_99	0.33242	0.00869	0.65889
Sample_100	0.29565	0.00000	0.70435
