Sample	CEU	PUR	YRI
Sample_1	0.232357	0.000000	0.767643
Sample_10	0.432730	0.000000	0.567270
Sample_100	0.227039	0.000000	0.772961
Sample_11	0.132017	0.000000	0.867983
Sample_12	0.000000	0.000000	1.000000
Sample_13	0.573843	0.000000	0.426157
Sample_14	0.056708	0.000000	0.943292
Sample_15	0.612690	0.000000	0.387310
Sample_16	0.076967	0.000000	0.923033
Sample_17	0.391531	0.000000	0.608469
Sample_18	0.523212	0.000000	0.476788
Sample_19	0.240971	0.000000	0.759029
Sample_2	0.211273	0.000000	0.788727
Sample_20	0.500000	0.000000	0.500000
Sample_21	0.276296	0.000000	0.723704
Sample_22	0.024759	0.000000	0.975241
Sample_23	0.056708	0.000000	0.943292
Sample_24	0.379785	0.000000	0.620215
Sample_25	0.055358	0.000000	0.944642
Sample_26	0.000000	0.000000	1.000000
Sample_27	0.320644	0.000000	0.679356
Sample_28	0.402986	0.000000	0.597014
Sample_29	0.531896	0.000000	0.468104
Sample_3	0.140732	0.500000	0.359268
Sample_30	0.000000	0.000000	1.000000
Sample_31	0.500000	0.000000	0.500000
Sample_32	0.477879	0.000000	0.522121
Sample_33	0.704630	0.000000	0.295370
Sample_34	0.489427	0.000000	0.510573
Sample_35	0.481195	0.000000	0.518805
Sample_36	0.023100	0.000000	0.976900
Sample_37	0.643783	0.000000	0.356217
Sample_38	0.281978	0.000000	0.718022
Sample_39	0.947690	0.000000	0.052310
Sample_4	0.455089	0.000000	0.544911
Sample_40	0.203476	0.000000	0.796524
Sample_41	0.361345	0.000000	0.638655
Sample_42	0.015269	0.000000	0.984731
Sample_43	0.215629	0.000000	0.784371
Sample_44	0.540610	0.000000	0.459390
Sample_45	0.804658	0.034319	0.161023
Sample_46	0.439793	0.000000	0.560207
Sample_47	0.651670	0.000000	0.348330
Sample_48	0.627316	0.067537	0.305147
Sample_49	0.158972	0.000000	0.841028
Sample_5	0.445147	0.187328	0.367525
Sample_50	0.240075	0.000000	0.759925
Sample_51	0.261219	0.000000	0.738781
Sample_52	0.616156	0.000000	0.383844
Sample_53	0.500000	0.000000	0.500000
Sample_54	0.137987	0.000000	0.862013
Sample_55	0.433257	0.000000	0.566743
Sample_56	0.396907	0.000000	0.603093
Sample_57	0.000000	0.000000	1.000000
Sample_58	0.273182	0.000000	0.726818
Sample_59	0.502165	0.000000	0.497835
Sample_6	0.047054	0.000000	0.952946
Sample_60	0.184812	0.000000	0.815188
Sample_61	0.483746	0.000000	0.516254
Sample_62	1.000000	0.000000	0.000000
Sample_63	0.181065	0.000000	0.818935
Sample_64	0.636488	0.000000	0.363512
Sample_65	0.476060	0.000000	0.523940
Sample_66	0.063001	0.000000	0.936999
Sample_67	0.653271	0.000000	0.346729
Sample_68	0.237915	0.000000	0.762085
Sample_69	0.308160	0.000000	0.691840
Sample_7	0.451205	0.000000	0.548795
Sample_70	0.121908	0.000000	0.878092
Sample_71	0.389498	0.000000	0.610502
Sample_72	0.249794	0.000000	0.750206
Sample_73	0.462717	0.000000	0.537283
Sample_74	0.000000	0.035609	0.964391
Sample_75	0.297502	0.000000	0.702498
Sample_76	0.000000	0.000000	1.000000
Sample_77	0.477011	0.000000	0.522989
Sample_78	0.498736	0.000000	0.501264
Sample_79	0.602225	0.000000	0.397775
Sample_8	0.080506	0.000000	0.919494
Sample_80	0.385166	0.118151	0.496683
Sample_81	0.164255	0.000000	0.835745
Sample_82	0.066500	0.000000	0.933500
Sample_83	0.809758	0.000000	0.190242
Sample_84	0.227239	0.000000	0.772761
Sample_85	0.347996	0.000000	0.652004
Sample_86	0.597504	0.000000	0.402496
Sample_87	0.860984	0.000000	0.139016
Sample_88	0.632413	0.000000	0.367587
Sample_89	0.376091	0.000000	0.623909
Sample_9	0.413318	0.000000	0.586682
Sample_90	0.053151	0.000000	0.946849
Sample_91	0.500000	0.000000	0.500000
Sample_92	0.368030	0.000000	0.631970
Sample_93	0.173678	0.242619	0.583703
Sample_94	0.046259	0.000000	0.953741
Sample_95	0.219910	0.000000	0.780090
Sample_96	0.831817	0.000000	0.168183
Sample_97	0.227025	0.000000	0.772975
Sample_98	0.006817	0.000000	0.993183
Sample_99	0.278295	0.000000	0.721705
