Sample	CEU	PUR	YRI
Sample_1	0.399813	0.000000	0.600187
Sample_10	0.182296	0.009639	0.808065
Sample_100	0.245794	0.000000	0.754206
Sample_11	0.489863	0.000000	0.510137
Sample_12	0.461531	0.000000	0.538469
Sample_13	0.501125	0.000000	0.498875
Sample_14	0.322023	0.000000	0.677977
Sample_15	0.620451	0.000000	0.379549
Sample_16	0.230205	0.038948	0.730847
Sample_17	0.229794	0.000000	0.770206
Sample_18	0.203387	0.000000	0.796613
Sample_19	0.338268	0.000000	0.661732
Sample_2	0.625281	0.000000	0.374719
Sample_20	0.479547	0.000000	0.520453
Sample_21	0.617740	0.000000	0.382260
Sample_22	0.512422	0.000000	0.487578
Sample_23	0.455119	0.000000	0.544881
Sample_24	0.366286	0.000000	0.633714
Sample_25	0.444510	0.023164	0.532326
Sample_26	0.327204	0.000000	0.672796
Sample_27	0.269352	0.000000	0.730648
Sample_28	0.301362	0.000000	0.698638
Sample_29	0.282109	0.083254	0.634636
Sample_3	0.303202	0.000000	0.696798
Sample_30	0.265339	0.006499	0.728162
Sample_31	0.341508	0.000000	0.658492
Sample_32	0.206577	0.000000	0.793423
Sample_33	0.217870	0.122795	0.659335
Sample_34	0.391530	0.012065	0.596406
Sample_35	0.298079	0.000000	0.701921
Sample_36	0.368460	0.000000	0.631540
Sample_37	0.294926	0.000000	0.705074
Sample_38	0.270343	0.000000	0.729657
Sample_39	0.065768	0.000000	0.934232
Sample_4	0.120602	0.024175	0.855223
Sample_40	0.410575	0.000000	0.589425
Sample_41	0.288944	0.000000	0.711056
Sample_42	0.180946	0.131777	0.687277
Sample_43	0.428272	0.000000	0.571728
Sample_44	0.407915	0.023229	0.568856
Sample_45	0.176419	0.000000	0.823581
Sample_46	0.493490	0.000000	0.506510
Sample_47	0.442777	0.000000	0.557223
Sample_48	0.410282	0.000000	0.589718
Sample_49	0.190549	0.000000	0.809451
Sample_5	0.140900	0.000000	0.859100
Sample_50	0.318933	0.000000	0.681067
Sample_51	0.521032	0.000000	0.478968
Sample_52	0.419806	0.000000	0.580194
Sample_53	0.372847	0.000000	0.627153
Sample_54	0.110167	0.000000	0.889833
Sample_55	0.198349	0.000000	0.801651
Sample_56	0.322055	0.000000	0.677945
Sample_57	0.473787	0.011528	0.514685
Sample_58	0.323539	0.000000	0.676461
Sample_59	0.218234	0.000000	0.781766
Sample_6	0.286808	0.000000	0.713192
Sample_60	0.199214	0.000000	0.800786
Sample_61	0.359970	0.000000	0.640030
Sample_62	0.360185	0.013556	0.626259
Sample_63	0.445694	0.000000	0.554306
Sample_64	0.352342	0.000000	0.647658
Sample_65	0.289121	0.000000	0.710879
Sample_66	0.413443	0.117939	0.468618
Sample_67	0.538807	0.000000	0.461193
Sample_68	0.291193	0.000000	0.708807
Sample_69	0.353165	0.000000	0.646835
Sample_7	0.475571	0.000000	0.524429
Sample_70	0.566069	0.000000	0.433931
Sample_71	0.432777	0.000000	0.567223
Sample_72	0.446861	0.002838	0.550301
Sample_73	0.474655	0.167050	0.358295
Sample_74	0.385392	0.000000	0.614608
Sample_75	0.590527	0.032734	0.376739
Sample_76	0.161690	0.000000	0.838310
Sample_77	0.338141	0.000000	0.661859
Sample_78	0.373634	0.000000	0.626366
Sample_79	0.210778	0.000000	0.789222
Sample_8	0.201683	0.014373	0.783945
Sample_80	0.357350	0.000000	0.642650
Sample_81	0.393595	0.000000	0.606405
Sample_82	0.289964	0.000000	0.710036
Sample_83	0.614189	0.000000	0.385811
Sample_84	0.215525	0.000000	0.784475
Sample_85	0.248303	0.000000	0.751697
Sample_86	0.295007	0.000000	0.704993
Sample_87	0.171486	0.000000	0.828514
Sample_88	0.201309	0.000000	0.798691
Sample_89	0.415369	0.000000	0.584631
Sample_9	0.230195	0.011394	0.758411
Sample_90	0.304866	0.000000	0.695134
Sample_91	0.292461	0.000000	0.707539
Sample_92	0.171438	0.046728	0.781833
Sample_93	0.154208	0.000000	0.845792
Sample_94	0.362363	0.000000	0.637637
Sample_95	0.517617	0.000000	0.482383
Sample_96	0.126162	0.000000	0.873838
Sample_97	0.323045	0.000000	0.676955
Sample_98	0.379207	0.000000	0.620793
Sample_99	0.284742	0.000000	0.715258
