Sample	CEU	PUR	YRI
Sample_1	0.168024	0.000000	0.831976
Sample_10	0.597914	0.000000	0.402086
Sample_100	0.284151	0.000000	0.715849
Sample_11	0.517974	0.000000	0.482026
Sample_12	0.476666	0.000000	0.523334
Sample_13	0.628457	0.000000	0.371543
Sample_14	0.156963	0.000000	0.843037
Sample_15	0.129795	0.000000	0.870205
Sample_16	0.790308	0.000000	0.209692
Sample_17	0.414315	0.000000	0.585685
Sample_18	0.356424	0.000000	0.643576
Sample_19	0.588887	0.000000	0.411113
Sample_2	0.390409	0.000000	0.609591
Sample_20	0.519117	0.000000	0.480883
Sample_21	0.658610	0.000000	0.341390
Sample_22	0.176839	0.000000	0.823161
Sample_23	0.485358	0.000000	0.514642
Sample_24	0.303324	0.000000	0.696676
Sample_25	0.480338	0.024315	0.495347
Sample_26	0.020552	0.000000	0.979448
Sample_27	0.340494	0.000000	0.659506
Sample_28	0.631898	0.000000	0.368102
Sample_29	0.191021	0.000000	0.808979
Sample_3	0.363550	0.000000	0.636450
Sample_30	0.146972	0.000000	0.853028
Sample_31	0.463805	0.000000	0.536195
Sample_32	0.373724	0.000000	0.626276
Sample_33	0.416014	0.000000	0.583986
Sample_34	0.534488	0.000000	0.465512
Sample_35	0.364040	0.004791	0.631169
Sample_36	0.361758	0.000000	0.638242
Sample_37	0.252041	0.000000	0.747959
Sample_38	0.110410	0.000000	0.889590
Sample_39	0.104191	0.000000	0.895809
Sample_4	0.555010	0.000000	0.444990
Sample_40	0.449022	0.000000	0.550978
Sample_41	0.216071	0.000000	0.783929
Sample_42	0.335518	0.000000	0.664482
Sample_43	0.355756	0.000000	0.644244
Sample_44	0.333137	0.060598	0.606264
Sample_45	0.423681	0.037368	0.538950
Sample_46	0.654460	0.000000	0.345540
Sample_47	0.468331	0.000000	0.531669
Sample_48	0.738023	0.000000	0.261977
Sample_49	0.465112	0.010636	0.524252
Sample_5	0.411666	0.000000	0.588334
Sample_50	0.270586	0.000000	0.729414
Sample_51	0.193974	0.000000	0.806026
Sample_52	0.207637	0.000000	0.792363
Sample_53	0.593305	0.000000	0.406695
Sample_54	0.230585	0.000270	0.769145
Sample_55	0.267639	0.000000	0.732361
Sample_56	0.159333	0.000000	0.840667
Sample_57	0.424675	0.000000	0.575325
Sample_58	0.103125	0.010636	0.886239
Sample_59	0.130303	0.000000	0.869697
Sample_6	0.349048	0.000000	0.650952
Sample_60	0.247942	0.000000	0.752058
Sample_61	0.291521	0.113158	0.595322
Sample_62	0.562151	0.046183	0.391666
Sample_63	0.106708	0.000000	0.893292
Sample_64	0.534688	0.084714	0.380598
Sample_65	0.344958	0.000000	0.655042
Sample_66	0.724519	0.055716	0.219764
Sample_67	0.307035	0.000000	0.692965
Sample_68	0.032300	0.000000	0.967700
Sample_69	0.298709	0.000000	0.701291
Sample_7	0.344035	0.000000	0.655965
Sample_70	0.434551	0.000000	0.565449
Sample_71	0.400073	0.283744	0.316183
Sample_72	0.647983	0.148223	0.203793
Sample_73	0.406356	0.085653	0.507992
Sample_74	0.504571	0.000000	0.495429
Sample_75	0.550839	0.011150	0.438011
Sample_76	0.485466	0.000000	0.514534
Sample_77	0.626431	0.000000	0.373569
Sample_78	0.247982	0.000000	0.752018
Sample_79	0.552770	0.010544	0.436686
Sample_8	0.529180	0.000000	0.470820
Sample_80	0.208230	0.000000	0.791770
Sample_81	0.188271	0.109075	0.702654
Sample_82	0.310784	0.061389	0.627827
Sample_83	0.317310	0.000000	0.682690
Sample_84	0.378766	0.000000	0.621234
Sample_85	0.653460	0.000000	0.346540
Sample_86	0.506524	0.000000	0.493476
Sample_87	0.216848	0.000000	0.783152
Sample_88	0.301395	0.011396	0.687209
Sample_89	0.173779	0.000000	0.826221
Sample_9	0.506251	0.000000	0.493749
Sample_90	0.254372	0.195891	0.549738
Sample_91	0.356877	0.000000	0.643123
Sample_92	0.332029	0.000000	0.667971
Sample_93	0.204689	0.000000	0.795311
Sample_94	0.341523	0.000000	0.658477
Sample_95	0.247487	0.000000	0.752513
Sample_96	0.336546	0.000000	0.663454
Sample_97	0.044826	0.000000	0.955174
Sample_98	0.326341	0.000000	0.673659
Sample_99	0.564582	0.000000	0.435418
