Sample	CEU	PUR	YRI
Sample_1	0.382457	0.000000	0.617543
Sample_10	0.223435	0.028170	0.748395
Sample_100	0.232203	0.000000	0.767797
Sample_11	0.460810	0.057133	0.482057
Sample_12	0.461989	0.000000	0.538011
Sample_13	0.345469	0.000000	0.654531
Sample_14	0.474624	0.000000	0.525376
Sample_15	0.278441	0.000000	0.721559
Sample_16	0.391664	0.000000	0.608336
Sample_17	0.364004	0.000000	0.635996
Sample_18	0.168311	0.000000	0.831689
Sample_19	0.208411	0.000000	0.791589
Sample_2	0.361528	0.068224	0.570248
Sample_20	0.398732	0.000000	0.601268
Sample_21	0.243601	0.000000	0.756399
Sample_22	0.189050	0.000000	0.810950
Sample_23	0.618348	0.000000	0.381652
Sample_24	0.486452	0.000000	0.513548
Sample_25	0.804487	0.000000	0.195513
Sample_26	0.030874	0.000000	0.969126
Sample_27	0.378591	0.000000	0.621409
Sample_28	0.365515	0.011736	0.622748
Sample_29	0.492870	0.000000	0.507130
Sample_3	0.017419	0.000000	0.982581
Sample_30	0.060292	0.000000	0.939708
Sample_31	0.523300	0.000000	0.476700
Sample_32	0.204486	0.000000	0.795514
Sample_33	0.321364	0.000000	0.678636
Sample_34	0.233706	0.000000	0.766294
Sample_35	0.338347	0.000000	0.661653
Sample_36	0.223693	0.000000	0.776307
Sample_37	0.282527	0.000000	0.717473
Sample_38	0.400314	0.017934	0.581752
Sample_39	0.457677	0.000000	0.542323
Sample_4	0.062607	0.029459	0.907934
Sample_40	0.317009	0.000000	0.682991
Sample_41	0.729886	0.000000	0.270114
Sample_42	0.314587	0.000000	0.685413
Sample_43	0.277907	0.000000	0.722093
Sample_44	0.742684	0.006666	0.250649
Sample_45	0.403704	0.048888	0.547409
Sample_46	0.316366	0.082061	0.601573
Sample_47	0.276478	0.000000	0.723522
Sample_48	0.666077	0.000000	0.333923
Sample_49	0.149364	0.000000	0.850636
Sample_5	0.531043	0.019656	0.449302
Sample_50	0.440873	0.030155	0.528972
Sample_51	0.305941	0.000000	0.694059
Sample_52	0.361988	0.000000	0.638012
Sample_53	0.226655	0.000000	0.773345
Sample_54	0.413049	0.000000	0.586951
Sample_55	0.184848	0.000000	0.815152
Sample_56	0.198207	0.044127	0.757666
Sample_57	0.293230	0.000000	0.706770
Sample_58	0.271698	0.123716	0.604587
Sample_59	0.376347	0.000000	0.623653
Sample_6	0.166647	0.000000	0.833353
Sample_60	0.396476	0.253460	0.350064
Sample_61	0.281359	0.005529	0.713112
Sample_62	0.092742	0.000000	0.907258
Sample_63	0.196299	0.000000	0.803701
Sample_64	0.554848	0.000000	0.445152
Sample_65	0.122348	0.000000	0.877652
Sample_66	0.076165	0.000000	0.923835
Sample_67	0.435283	0.000000	0.564717
Sample_68	0.147046	0.000000	0.852954
Sample_69	0.266751	0.000000	0.733249
Sample_7	0.444042	0.000000	0.555958
Sample_70	0.424644	0.125940	0.449416
Sample_71	0.353558	0.000000	0.646442
Sample_72	0.584569	0.000000	0.415431
Sample_73	0.411523	0.003281	0.585197
Sample_74	0.475463	0.085951	0.438586
Sample_75	0.156463	0.000000	0.843537
Sample_76	0.351349	0.000000	0.648651
Sample_77	0.336662	0.000000	0.663338
Sample_78	0.441885	0.000000	0.558115
Sample_79	0.171419	0.000000	0.828581
Sample_8	0.180875	0.007684	0.811441
Sample_80	0.522054	0.000000	0.477946
Sample_81	0.406195	0.000000	0.593805
Sample_82	0.310990	0.000000	0.689010
Sample_83	0.059550	0.000000	0.940450
Sample_84	0.533272	0.000000	0.466728
Sample_85	0.435327	0.000000	0.564673
Sample_86	0.268673	0.000000	0.731327
Sample_87	0.564395	0.000000	0.435605
Sample_88	0.288209	0.000000	0.711791
Sample_89	0.312768	0.078492	0.608740
Sample_9	0.293534	0.000000	0.706466
Sample_90	0.388025	0.000000	0.611975
Sample_91	0.329480	0.000000	0.670520
Sample_92	0.348188	0.000000	0.651812
Sample_93	0.325695	0.000000	0.674305
Sample_94	0.220267	0.000000	0.779733
Sample_95	0.326702	0.000000	0.673298
Sample_96	0.692679	0.000000	0.307321
Sample_97	0.492227	0.024402	0.483371
Sample_98	0.485612	0.000000	0.514388
Sample_99	0.204734	0.000000	0.795266
