Sample	CEU	PUR	YRI
Sample_1	0.205574	0.000000	0.794426
Sample_10	0.588880	0.000000	0.411120
Sample_100	0.164308	0.000000	0.835692
Sample_11	0.197407	0.000000	0.802593
Sample_12	0.407935	0.000000	0.592065
Sample_13	0.397356	0.000000	0.602644
Sample_14	0.424302	0.043443	0.532255
Sample_15	0.518832	0.000000	0.481168
Sample_16	0.329669	0.000000	0.670331
Sample_17	0.094036	0.000000	0.905964
Sample_18	0.492394	0.000000	0.507606
Sample_19	0.300931	0.000000	0.699069
Sample_2	0.180598	0.000000	0.819402
Sample_20	0.405482	0.000000	0.594518
Sample_21	0.550726	0.000000	0.449274
Sample_22	0.365963	0.000000	0.634037
Sample_23	0.093881	0.000000	0.906119
Sample_24	0.167999	0.000000	0.832001
Sample_25	0.266807	0.017891	0.715303
Sample_26	0.399943	0.046291	0.553766
Sample_27	0.100873	0.000000	0.899127
Sample_28	0.310313	0.000000	0.689687
Sample_29	0.327153	0.013069	0.659778
Sample_3	0.290838	0.054647	0.654515
Sample_30	0.093207	0.000000	0.906793
Sample_31	0.422662	0.000000	0.577338
Sample_32	0.595789	0.000000	0.404211
Sample_33	0.536829	0.000000	0.463171
Sample_34	0.296568	0.000000	0.703432
Sample_35	0.213812	0.000000	0.786188
Sample_36	0.598717	0.000000	0.401283
Sample_37	0.482153	0.000000	0.517847
Sample_38	0.360339	0.000000	0.639661
Sample_39	0.143635	0.000000	0.856365
Sample_4	0.152916	0.000000	0.847084
Sample_40	0.685291	0.000000	0.314709
Sample_41	0.335840	0.000000	0.664160
Sample_42	0.527024	0.019990	0.452986
Sample_43	0.693514	0.000000	0.306486
Sample_44	0.242095	0.000000	0.757905
Sample_45	0.366031	0.000000	0.633969
Sample_46	0.695244	0.037846	0.266911
Sample_47	0.330183	0.000000	0.669817
Sample_48	0.676157	0.000000	0.323843
Sample_49	0.162224	0.000000	0.837776
Sample_5	0.311165	0.000000	0.688835
Sample_50	0.182970	0.000000	0.817030
Sample_51	0.107961	0.000000	0.892039
Sample_52	0.489730	0.000000	0.510270
Sample_53	0.076039	0.025914	0.898046
Sample_54	0.261618	0.000000	0.738382
Sample_55	0.209511	0.000000	0.790489
Sample_56	0.101700	0.000000	0.898300
Sample_57	0.356024	0.000000	0.643976
Sample_58	0.113018	0.000000	0.886982
Sample_59	0.544164	0.000000	0.455836
Sample_6	0.390057	0.000000	0.609943
Sample_60	0.325233	0.000000	0.674767
Sample_61	0.343140	0.000000	0.656860
Sample_62	0.388819	0.000000	0.611181
Sample_63	0.384446	0.000000	0.615554
Sample_64	0.136045	0.000000	0.863955
Sample_65	0.161874	0.000000	0.838126
Sample_66	0.220553	0.000000	0.779447
Sample_67	0.346202	0.000000	0.653798
Sample_68	0.550762	0.018665	0.430573
Sample_69	0.242572	0.000000	0.757428
Sample_7	0.511613	0.000000	0.488387
Sample_70	0.281762	0.000000	0.718238
Sample_71	0.523569	0.046136	0.430294
Sample_72	0.779725	0.000000	0.220275
Sample_73	0.156667	0.039313	0.804020
Sample_74	0.188234	0.000000	0.811766
Sample_75	0.309925	0.000000	0.690075
Sample_76	0.335842	0.000000	0.664158
Sample_77	0.149291	0.000000	0.850709
Sample_78	0.355608	0.020433	0.623959
Sample_79	0.271541	0.108589	0.619869
Sample_8	0.312238	0.000000	0.687762
Sample_80	0.213981	0.000000	0.786019
Sample_81	0.163669	0.000000	0.836331
Sample_82	0.315817	0.000000	0.684183
Sample_83	0.113457	0.025043	0.861501
Sample_84	0.399239	0.000000	0.600761
Sample_85	0.079882	0.084253	0.835866
Sample_86	0.384295	0.000000	0.615705
Sample_87	0.158734	0.000000	0.841266
Sample_88	0.527426	0.000000	0.472574
Sample_89	0.151307	0.000000	0.848693
Sample_9	0.556147	0.000000	0.443853
Sample_90	0.830464	0.000000	0.169536
Sample_91	0.171100	0.000000	0.828900
Sample_92	0.458293	0.082538	0.459169
Sample_93	0.131572	0.000000	0.868428
Sample_94	0.424544	0.000000	0.575456
Sample_95	0.539997	0.000000	0.460003
Sample_96	0.225658	0.000000	0.774342
Sample_97	0.217246	0.000000	0.782754
Sample_98	0.018475	0.000000	0.981525
Sample_99	0.611634	0.000000	0.388366
