Sample	CEU	PUR	YRI
Sample_1	0.232362	0.000000	0.767638
Sample_10	0.432722	0.000000	0.567278
Sample_100	0.227044	0.000000	0.772956
Sample_11	0.132015	0.000000	0.867985
Sample_12	0.000000	0.000000	1.000000
Sample_13	0.573841	0.000000	0.426159
Sample_14	0.056707	0.000000	0.943293
Sample_15	0.612689	0.000000	0.387311
Sample_16	0.076966	0.000000	0.923034
Sample_17	0.391524	0.000000	0.608476
Sample_18	0.523212	0.000000	0.476788
Sample_19	0.240983	0.000000	0.759017
Sample_2	0.211269	0.000000	0.788731
Sample_20	0.500000	0.000000	0.500000
Sample_21	0.276300	0.000000	0.723700
Sample_22	0.024758	0.000000	0.975242
Sample_23	0.056707	0.000000	0.943293
Sample_24	0.379779	0.000000	0.620221
Sample_25	0.055365	0.000000	0.944635
Sample_26	0.000000	0.000000	1.000000
Sample_27	0.320639	0.000000	0.679361
Sample_28	0.402988	0.000000	0.597012
Sample_29	0.531903	0.000000	0.468097
Sample_3	0.140730	0.500000	0.359270
Sample_30	0.000000	0.000000	1.000000
Sample_31	0.500000	0.000000	0.500000
Sample_32	0.477879	0.000000	0.522121
Sample_33	0.704635	0.000000	0.295365
Sample_34	0.489419	0.000000	0.510581
Sample_35	0.481195	0.000000	0.518805
Sample_36	0.023108	0.000000	0.976892
Sample_37	0.643781	0.000000	0.356219
Sample_38	0.281973	0.000000	0.718027
Sample_39	0.947691	0.000000	0.052309
Sample_4	0.455082	0.000000	0.544918
Sample_40	0.203481	0.000000	0.796519
Sample_41	0.361339	0.000000	0.638661
Sample_42	0.015277	0.000000	0.984723
Sample_43	0.215626	0.000000	0.784374
Sample_44	0.540610	0.000000	0.459390
Sample_45	0.804661	0.034318	0.161021
Sample_46	0.439786	0.000000	0.560214
Sample_47	0.651667	0.000000	0.348333
Sample_48	0.627314	0.067544	0.305142
Sample_49	0.158969	0.000000	0.841031
Sample_5	0.445148	0.187325	0.367527
Sample_50	0.240079	0.000000	0.759921
Sample_51	0.261215	0.000000	0.738785
Sample_52	0.616154	0.000000	0.383846
Sample_53	0.500000	0.000000	0.500000
Sample_54	0.138001	0.000000	0.861999
Sample_55	0.433258	0.000000	0.566742
Sample_56	0.396908	0.000000	0.603092
Sample_57	0.000008	0.000000	0.999992
Sample_58	0.273178	0.000000	0.726822
Sample_59	0.502173	0.000000	0.497827
Sample_6	0.047061	0.000000	0.952939
Sample_60	0.184809	0.000000	0.815191
Sample_61	0.483737	0.000000	0.516263
Sample_62	1.000000	0.000000	0.000000
Sample_63	0.181071	0.000000	0.818929
Sample_64	0.636486	0.000000	0.363514
Sample_65	0.476069	0.000000	0.523931
Sample_66	0.063017	0.000000	0.936983
Sample_67	0.653268	0.000000	0.346732
Sample_68	0.237928	0.000000	0.762072
Sample_69	0.308155	0.000000	0.691845
Sample_7	0.451214	0.000000	0.548786
Sample_70	0.121906	0.000000	0.878094
Sample_71	0.389508	0.000000	0.610492
Sample_72	0.249790	0.000000	0.750210
Sample_73	0.462726	0.000000	0.537274
Sample_74	0.000000	0.035617	0.964383
Sample_75	0.297505	0.000000	0.702495
Sample_76	0.000000	0.000000	1.000000
Sample_77	0.477020	0.000000	0.522980
Sample_78	0.498736	0.000000	0.501264
Sample_79	0.602223	0.000000	0.397777
Sample_8	0.080513	0.000000	0.919487
Sample_80	0.385176	0.118149	0.496675
Sample_81	0.164253	0.000000	0.835747
Sample_82	0.066499	0.000000	0.933501
Sample_83	0.809753	0.000000	0.190247
Sample_84	0.227251	0.000000	0.772749
Sample_85	0.347990	0.000000	0.652010
Sample_86	0.597494	0.000000	0.402506
Sample_87	0.860970	0.000000	0.139030
Sample_88	0.632411	0.000000	0.367589
Sample_89	0.376084	0.000000	0.623916
Sample_9	0.413320	0.000000	0.586680
Sample_90	0.053150	0.000000	0.946850
Sample_91	0.500000	0.000000	0.500000
Sample_92	0.368032	0.000000	0.631968
Sample_93	0.173683	0.242623	0.583694
Sample_94	0.046258	0.000000	0.953742
Sample_95	0.219915	0.000000	0.780085
Sample_96	0.831811	0.000000	0.168189
Sample_97	0.227030	0.000000	0.772970
Sample_98	0.006817	0.000000	0.993183
Sample_99	0.278291	0.000000	0.721709
