Sample	CEU	PUR	YRI
Sample_1	0.204778	0.096233	0.698989
Sample_10	0.175329	0.000000	0.824671
Sample_100	0.692170	0.000000	0.307830
Sample_11	0.161426	0.000000	0.838574
Sample_12	0.031042	0.000000	0.968958
Sample_13	0.180271	0.000000	0.819729
Sample_14	0.790221	0.000000	0.209779
Sample_15	0.195929	0.000000	0.804071
Sample_16	0.287497	0.000000	0.712503
Sample_17	0.122807	0.000000	0.877193
Sample_18	0.092044	0.000000	0.907956
Sample_19	0.477165	0.005299	0.517536
Sample_2	0.305614	0.000000	0.694386
Sample_20	0.547771	0.000000	0.452229
Sample_21	0.712317	0.000000	0.287683
Sample_22	0.224336	0.011931	0.763733
Sample_23	0.433170	0.000000	0.566830
Sample_24	0.254739	0.000000	0.745261
Sample_25	0.369975	0.000000	0.630025
Sample_26	0.024798	0.179176	0.796025
Sample_27	0.379558	0.000000	0.620442
Sample_28	0.403324	0.000000	0.596676
Sample_29	0.283721	0.020540	0.695738
Sample_3	0.228849	0.000000	0.771151
Sample_30	0.412020	0.000000	0.587980
Sample_31	0.361048	0.000000	0.638952
Sample_32	0.063012	0.000000	0.936988
Sample_33	0.370169	0.000000	0.629831
Sample_34	0.220735	0.000000	0.779265
Sample_35	0.147919	0.125881	0.726200
Sample_36	0.113689	0.000000	0.886311
Sample_37	0.596470	0.000000	0.403530
Sample_38	0.584791	0.000000	0.415209
Sample_39	0.041058	0.000000	0.958942
Sample_4	0.017652	0.000000	0.982348
Sample_40	0.291859	0.000000	0.708141
Sample_41	0.142729	0.000000	0.857271
Sample_42	0.269770	0.000000	0.730230
Sample_43	0.209844	0.000000	0.790156
Sample_44	0.503465	0.000000	0.496535
Sample_45	0.295485	0.000000	0.704515
Sample_46	0.173629	0.055780	0.770590
Sample_47	0.186249	0.000000	0.813751
Sample_48	0.352493	0.000000	0.647507
Sample_49	0.407088	0.000000	0.592912
Sample_5	0.417767	0.000000	0.582233
Sample_50	0.356275	0.000000	0.643725
Sample_51	0.368095	0.000000	0.631905
Sample_52	0.326738	0.000000	0.673262
Sample_53	0.225819	0.000000	0.774181
Sample_54	0.207415	0.000000	0.792585
Sample_55	0.469788	0.000000	0.530212
Sample_56	0.367766	0.000000	0.632234
Sample_57	0.208347	0.015849	0.775803
Sample_58	0.098015	0.000000	0.901985
Sample_59	0.736023	0.000000	0.263977
Sample_6	0.408733	0.000000	0.591267
Sample_60	0.389266	0.013452	0.597281
Sample_61	0.591684	0.000000	0.408316
Sample_62	0.434985	0.000000	0.565015
Sample_63	0.188344	0.021316	0.790341
Sample_64	0.366597	0.000000	0.633403
Sample_65	0.506271	0.000000	0.493729
Sample_66	0.273193	0.000000	0.726807
Sample_67	0.092790	0.000000	0.907210
Sample_68	0.183953	0.000000	0.816047
Sample_69	0.305208	0.000000	0.694792
Sample_7	0.482721	0.000000	0.517279
Sample_70	0.265288	0.000000	0.734712
Sample_71	0.840304	0.000000	0.159696
Sample_72	0.370298	0.000000	0.629702
Sample_73	0.768139	0.000000	0.231861
Sample_74	0.393780	0.000000	0.606220
Sample_75	0.617308	0.000000	0.382692
Sample_76	0.528798	0.000000	0.471202
Sample_77	0.096403	0.000000	0.903597
Sample_78	0.253077	0.000000	0.746923
Sample_79	0.361538	0.000000	0.638462
Sample_8	0.416387	0.000000	0.583613
Sample_80	0.116485	0.000000	0.883515
Sample_81	0.218125	0.000000	0.781875
Sample_82	0.289681	0.000000	0.710319
Sample_83	0.131184	0.000000	0.868816
Sample_84	0.559233	0.000000	0.440767
Sample_85	0.071906	0.000000	0.928094
Sample_86	0.617081	0.000000	0.382919
Sample_87	0.575685	0.000000	0.424315
Sample_88	0.266124	0.000000	0.733876
Sample_89	0.327439	0.000000	0.672561
Sample_9	0.145772	0.000000	0.854228
Sample_90	0.345776	0.000000	0.654224
Sample_91	0.079494	0.000000	0.920506
Sample_92	0.782388	0.000000	0.217612
Sample_93	0.577764	0.000000	0.422236
Sample_94	0.502613	0.000000	0.497387
Sample_95	0.161772	0.035524	0.802704
Sample_96	0.216428	0.000000	0.783572
Sample_97	0.328054	0.016819	0.655127
Sample_98	0.535389	0.000000	0.464611
Sample_99	0.224603	0.000000	0.775397
