Sample	CEU	PUR	YRI
Sample_1	0.343670	0.000000	0.656330
Sample_10	0.212008	0.000000	0.787992
Sample_100	0.099553	0.000000	0.900447
Sample_11	0.179432	0.002798	0.817770
Sample_12	0.546333	0.000000	0.453667
Sample_13	0.338308	0.000000	0.661692
Sample_14	0.157344	0.000000	0.842656
Sample_15	0.527198	0.000000	0.472802
Sample_16	0.562546	0.000000	0.437454
Sample_17	0.334781	0.069202	0.596017
Sample_18	0.158590	0.000000	0.841410
Sample_19	0.613644	0.000000	0.386356
Sample_2	0.029409	0.000000	0.970591
Sample_20	0.334274	0.000000	0.665726
Sample_21	0.271744	0.000000	0.728256
Sample_22	0.159335	0.000000	0.840665
Sample_23	0.302260	0.000000	0.697740
Sample_24	0.079884	0.063331	0.856786
Sample_25	0.388951	0.000000	0.611049
Sample_26	0.306430	0.000000	0.693570
Sample_27	0.000743	0.000000	0.999257
Sample_28	0.566223	0.000000	0.433777
Sample_29	0.096198	0.000000	0.903802
Sample_3	0.239885	0.000000	0.760115
Sample_30	0.006056	0.009222	0.984722
Sample_31	0.664044	0.000000	0.335956
Sample_32	0.383373	0.097022	0.519605
Sample_33	0.143612	0.000000	0.856388
Sample_34	0.700282	0.000000	0.299718
Sample_35	0.271760	0.010533	0.717707
Sample_36	0.820469	0.000000	0.179531
Sample_37	0.555997	0.000000	0.444003
Sample_38	0.283482	0.000000	0.716518
Sample_39	0.187032	0.000000	0.812968
Sample_4	0.276808	0.000000	0.723192
Sample_40	0.036807	0.000000	0.963193
Sample_41	0.272902	0.000000	0.727098
Sample_42	0.474887	0.000000	0.525113
Sample_43	0.000000	0.000000	1.000000
Sample_44	0.112850	0.000000	0.887150
Sample_45	0.043429	0.198338	0.758233
Sample_46	0.557857	0.061394	0.380750
Sample_47	0.436363	0.009681	0.553956
Sample_48	0.512414	0.000000	0.487586
Sample_49	0.329989	0.000000	0.670011
Sample_5	0.242225	0.000000	0.757775
Sample_50	0.324754	0.102995	0.572251
Sample_51	0.211154	0.000000	0.788846
Sample_52	0.253244	0.000000	0.746756
Sample_53	0.510660	0.000000	0.489340
Sample_54	0.480053	0.000000	0.519947
Sample_55	0.487658	0.000000	0.512342
Sample_56	0.439001	0.020902	0.540097
Sample_57	0.309943	0.000000	0.690057
Sample_58	0.473115	0.000000	0.526885
Sample_59	0.122712	0.000000	0.877288
Sample_6	0.513563	0.000000	0.486437
Sample_60	0.229011	0.000000	0.770989
Sample_61	0.207386	0.061196	0.731418
Sample_62	0.292198	0.000000	0.707802
Sample_63	0.159910	0.000000	0.840090
Sample_64	0.227151	0.000000	0.772849
Sample_65	0.552854	0.000000	0.447146
Sample_66	0.266520	0.000000	0.733480
Sample_67	0.741080	0.000000	0.258920
Sample_68	0.254281	0.000000	0.745719
Sample_69	0.282122	0.000000	0.717878
Sample_7	0.000000	0.000000	1.000000
Sample_70	0.116974	0.000000	0.883026
Sample_71	0.563955	0.000000	0.436045
Sample_72	0.766969	0.000000	0.233031
Sample_73	0.215841	0.000000	0.784159
Sample_74	0.076048	0.000000	0.923952
Sample_75	0.308275	0.042470	0.649255
Sample_76	0.573789	0.000000	0.426211
Sample_77	0.202137	0.000000	0.797863
Sample_78	0.348912	0.000000	0.651088
Sample_79	0.420382	0.000000	0.579618
Sample_8	0.693470	0.000000	0.306530
Sample_80	0.095043	0.000000	0.904957
Sample_81	0.681170	0.000000	0.318830
Sample_82	0.283331	0.000000	0.716669
Sample_83	0.427585	0.000000	0.572415
Sample_84	0.351156	0.030461	0.618383
Sample_85	0.134882	0.000000	0.865118
Sample_86	0.065876	0.000000	0.934124
Sample_87	0.129027	0.000000	0.870973
Sample_88	0.405093	0.000000	0.594907
Sample_89	0.394844	0.000000	0.605156
Sample_9	0.481143	0.000000	0.518857
Sample_90	0.240650	0.000000	0.759350
Sample_91	0.368302	0.000000	0.631698
Sample_92	0.123813	0.000000	0.876187
Sample_93	0.347524	0.000000	0.652476
Sample_94	0.366026	0.000000	0.633974
Sample_95	0.401272	0.061394	0.537335
Sample_96	0.453585	0.000000	0.546415
Sample_97	0.243375	0.000000	0.756625
Sample_98	0.520873	0.000000	0.479127
Sample_99	0.094572	0.405489	0.499939
