Sample	CEU	PUR	YRI
Sample_1	0.300155	0.000000	0.699845
Sample_10	0.290831	0.000000	0.709169
Sample_100	0.226858	0.000000	0.773142
Sample_11	0.207206	0.000000	0.792794
Sample_12	0.076598	0.000000	0.923402
Sample_13	0.281564	0.000000	0.718436
Sample_14	0.697708	0.000000	0.302292
Sample_15	0.517287	0.000000	0.482713
Sample_16	0.280605	0.161088	0.558306
Sample_17	0.897073	0.000000	0.102927
Sample_18	0.137092	0.000000	0.862908
Sample_19	0.048708	0.000000	0.951292
Sample_2	0.337496	0.000000	0.662504
Sample_20	0.163938	0.000000	0.836062
Sample_21	0.339832	0.000000	0.660168
Sample_22	0.236007	0.000000	0.763993
Sample_23	0.400133	0.000000	0.599867
Sample_24	0.430937	0.000000	0.569063
Sample_25	0.316956	0.000000	0.683044
Sample_26	0.481896	0.000000	0.518104
Sample_27	0.456798	0.000000	0.543202
Sample_28	0.553134	0.000000	0.446866
Sample_29	0.327516	0.000000	0.672484
Sample_3	0.144587	0.000000	0.855413
Sample_30	0.300628	0.000000	0.699372
Sample_31	0.285275	0.000000	0.714725
Sample_32	0.477008	0.000000	0.522992
Sample_33	0.203667	0.000000	0.796333
Sample_34	0.275766	0.071669	0.652565
Sample_35	0.031037	0.000000	0.968963
Sample_36	0.343879	0.000000	0.656121
Sample_37	0.479504	0.009042	0.511454
Sample_38	0.174101	0.000000	0.825899
Sample_39	0.278813	0.000000	0.721187
Sample_4	0.552870	0.000000	0.447130
Sample_40	0.375663	0.000000	0.624337
Sample_41	0.364164	0.000000	0.635836
Sample_42	0.710210	0.000000	0.289790
Sample_43	0.097090	0.000000	0.902910
Sample_44	0.602738	0.000000	0.397262
Sample_45	0.355460	0.064665	0.579875
Sample_46	0.301518	0.000000	0.698482
Sample_47	0.312524	0.000000	0.687476
Sample_48	0.398208	0.000000	0.601792
Sample_49	0.349484	0.000000	0.650516
Sample_5	0.442121	0.000000	0.557879
Sample_50	0.314948	0.000000	0.685052
Sample_51	0.384338	0.000000	0.615662
Sample_52	0.443048	0.000000	0.556952
Sample_53	0.292302	0.000000	0.707698
Sample_54	0.109301	0.000000	0.890699
Sample_55	0.285128	0.000000	0.714872
Sample_56	0.783544	0.000000	0.216456
Sample_57	0.547315	0.000000	0.452685
Sample_58	0.482127	0.000000	0.517873
Sample_59	0.400904	0.140709	0.458387
Sample_6	0.318738	0.000000	0.681262
Sample_60	0.498758	0.000000	0.501242
Sample_61	0.493246	0.000000	0.506754
Sample_62	0.145520	0.000000	0.854480
Sample_63	0.791488	0.000000	0.208512
Sample_64	0.481769	0.000000	0.518231
Sample_65	0.406907	0.000000	0.593093
Sample_66	0.008154	0.000000	0.991846
Sample_67	0.403449	0.000000	0.596551
Sample_68	0.222752	0.000000	0.777248
Sample_69	0.308861	0.000000	0.691139
Sample_7	0.116076	0.000000	0.883924
Sample_70	0.345196	0.000000	0.654804
Sample_71	0.181290	0.000000	0.818710
Sample_72	0.721053	0.000000	0.278947
Sample_73	0.714316	0.000000	0.285684
Sample_74	0.389117	0.000000	0.610883
Sample_75	0.419180	0.007705	0.573115
Sample_76	0.389516	0.000000	0.610484
Sample_77	0.379258	0.008998	0.611744
Sample_78	0.212057	0.000000	0.787943
Sample_79	0.299597	0.000000	0.700403
Sample_8	0.055835	0.016765	0.927401
Sample_80	0.262426	0.071669	0.665905
Sample_81	0.262301	0.000000	0.737699
Sample_82	0.288556	0.237617	0.473827
Sample_83	0.270487	0.000000	0.729513
Sample_84	0.029315	0.000000	0.970685
Sample_85	0.499570	0.000000	0.500430
Sample_86	0.203325	0.000000	0.796675
Sample_87	0.267336	0.000000	0.732664
Sample_88	0.311835	0.000000	0.688165
Sample_89	0.400352	0.000000	0.599648
Sample_9	0.241210	0.000000	0.758790
Sample_90	0.609577	0.000000	0.390423
Sample_91	0.552821	0.000000	0.447179
Sample_92	0.532962	0.000000	0.467038
Sample_93	0.380023	0.000000	0.619977
Sample_94	0.320219	0.000000	0.679781
Sample_95	0.139757	0.000000	0.860243
Sample_96	0.157275	0.000000	0.842725
Sample_97	0.397136	0.137967	0.464897
Sample_98	0.421411	0.000000	0.578589
Sample_99	0.224448	0.000000	0.775552
