Sample	CEU	PUR	YRI
Sample_1	0.394222	0.000000	0.605778
Sample_10	0.325194	0.000000	0.674806
Sample_100	0.260203	0.000000	0.739797
Sample_11	0.415196	0.000000	0.584804
Sample_12	0.391160	0.000000	0.608840
Sample_13	0.263928	0.000000	0.736072
Sample_14	0.261282	0.000000	0.738718
Sample_15	0.800545	0.000000	0.199455
Sample_16	0.429301	0.000000	0.570699
Sample_17	0.368300	0.000000	0.631700
Sample_18	0.389740	0.000000	0.610260
Sample_19	0.324167	0.031438	0.644395
Sample_2	0.043222	0.000000	0.956778
Sample_20	0.456510	0.000000	0.543490
Sample_21	0.602198	0.000000	0.397802
Sample_22	0.060969	0.104180	0.834851
Sample_23	0.260793	0.000000	0.739207
Sample_24	0.121650	0.000000	0.878350
Sample_25	0.112847	0.000000	0.887153
Sample_26	0.209391	0.000000	0.790609
Sample_27	0.445278	0.000000	0.554722
Sample_28	0.053386	0.000000	0.946614
Sample_29	0.436962	0.000000	0.563038
Sample_3	0.200701	0.000000	0.799299
Sample_30	0.371285	0.000000	0.628715
Sample_31	0.567516	0.000000	0.432484
Sample_32	0.127194	0.000000	0.872806
Sample_33	0.373108	0.000000	0.626892
Sample_34	0.264150	0.031708	0.704142
Sample_35	0.150824	0.000000	0.849176
Sample_36	0.279411	0.000000	0.720589
Sample_37	0.529273	0.000000	0.470727
Sample_38	0.313215	0.000000	0.686785
Sample_39	0.445542	0.000000	0.554458
Sample_4	0.377697	0.000000	0.622303
Sample_40	0.037576	0.000000	0.962424
Sample_41	0.221708	0.000000	0.778292
Sample_42	0.317134	0.000000	0.682866
Sample_43	0.472670	0.000000	0.527330
Sample_44	0.472506	0.000000	0.527494
Sample_45	0.593324	0.000000	0.406676
Sample_46	0.499370	0.000000	0.500630
Sample_47	0.619151	0.000000	0.380849
Sample_48	0.347646	0.000000	0.652354
Sample_49	0.053420	0.000000	0.946580
Sample_5	0.324116	0.000000	0.675884
Sample_50	0.218440	0.000000	0.781560
Sample_51	0.266401	0.000000	0.733599
Sample_52	0.103268	0.009531	0.887201
Sample_53	0.374194	0.000000	0.625806
Sample_54	0.381286	0.000000	0.618714
Sample_55	0.579404	0.000000	0.420596
Sample_56	0.339275	0.000000	0.660725
Sample_57	0.279146	0.000000	0.720854
Sample_58	0.208200	0.000000	0.791800
Sample_59	0.429163	0.032055	0.538782
Sample_6	0.458983	0.049760	0.491257
Sample_60	0.466805	0.000000	0.533195
Sample_61	0.250593	0.000000	0.749407
Sample_62	0.262936	0.000000	0.737064
Sample_63	0.254595	0.000000	0.745405
Sample_64	0.273994	0.000000	0.726006
Sample_65	0.279706	0.000000	0.720294
Sample_66	0.224852	0.000000	0.775148
Sample_67	0.278222	0.000000	0.721778
Sample_68	0.309948	0.000000	0.690052
Sample_69	0.422434	0.032185	0.545381
Sample_7	0.291942	0.000000	0.708058
Sample_70	0.258114	0.037759	0.704127
Sample_71	0.338597	0.000000	0.661403
Sample_72	0.229402	0.021326	0.749272
Sample_73	0.359711	0.000000	0.640289
Sample_74	0.669070	0.000000	0.330930
Sample_75	0.161961	0.000000	0.838039
Sample_76	0.221361	0.000000	0.778639
Sample_77	0.204969	0.000000	0.795031
Sample_78	0.507292	0.000000	0.492708
Sample_79	0.214648	0.129431	0.655921
Sample_8	0.348772	0.027513	0.623715
Sample_80	0.340554	0.069237	0.590209
Sample_81	0.309893	0.023959	0.666148
Sample_82	0.336443	0.000000	0.663557
Sample_83	0.229604	0.000000	0.770396
Sample_84	0.363438	0.000000	0.636562
Sample_85	0.414297	0.000000	0.585703
Sample_86	0.517133	0.000000	0.482867
Sample_87	0.325181	0.000000	0.674819
Sample_88	0.271701	0.000000	0.728299
Sample_89	0.507453	0.000000	0.492547
Sample_9	0.382873	0.000000	0.617127
Sample_90	0.556308	0.000000	0.443692
Sample_91	0.265982	0.000000	0.734018
Sample_92	0.353187	0.036646	0.610167
Sample_93	0.404078	0.000000	0.595922
Sample_94	0.183354	0.000000	0.816646
Sample_95	0.500575	0.000000	0.499425
Sample_96	0.353753	0.000000	0.646247
Sample_97	0.053541	0.000000	0.946459
Sample_98	0.265653	0.000000	0.734347
Sample_99	0.282852	0.000000	0.717148
