Sample	CEU	PUR	YRI
Sample_1	0.482210	0.000000	0.517790
Sample_10	0.186402	0.029020	0.784578
Sample_100	0.110568	0.000000	0.889432
Sample_11	0.410836	0.000000	0.589164
Sample_12	0.279948	0.000000	0.720052
Sample_13	0.000000	0.000000	1.000000
Sample_14	0.468191	0.124371	0.407438
Sample_15	0.246092	0.000000	0.753908
Sample_16	0.476437	0.000000	0.523563
Sample_17	0.177480	0.000000	0.822520
Sample_18	0.330464	0.000000	0.669536
Sample_19	0.373070	0.000000	0.626930
Sample_2	0.190027	0.000000	0.809973
Sample_20	0.094020	0.000000	0.905980
Sample_21	0.278627	0.000000	0.721373
Sample_22	0.247577	0.000000	0.752423
Sample_23	0.489354	0.000000	0.510646
Sample_24	0.359904	0.000000	0.640096
Sample_25	0.361560	0.000000	0.638440
Sample_26	0.195132	0.000000	0.804868
Sample_27	0.064589	0.000000	0.935411
Sample_28	0.331161	0.000000	0.668839
Sample_29	0.411294	0.000000	0.588706
Sample_3	0.164879	0.000000	0.835121
Sample_30	0.155818	0.000000	0.844182
Sample_31	0.221660	0.022663	0.755677
Sample_32	0.043714	0.000000	0.956286
Sample_33	0.646401	0.000000	0.353599
Sample_34	0.625409	0.000000	0.374591
Sample_35	0.546112	0.000000	0.453888
Sample_36	0.533525	0.000000	0.466475
Sample_37	0.376801	0.000000	0.623199
Sample_38	0.384871	0.000000	0.615129
Sample_39	0.183924	0.000000	0.816076
Sample_4	0.519954	0.000000	0.480046
Sample_40	0.352466	0.000000	0.647534
Sample_41	0.395284	0.000000	0.604716
Sample_42	0.331707	0.000000	0.668293
Sample_43	0.549533	0.000000	0.450467
Sample_44	0.111461	0.000000	0.888539
Sample_45	0.431776	0.000000	0.568224
Sample_46	0.056404	0.000000	0.943596
Sample_47	0.336133	0.000000	0.663867
Sample_48	0.340736	0.000000	0.659264
Sample_49	0.315655	0.000000	0.684345
Sample_5	0.125814	0.000000	0.874186
Sample_50	0.222556	0.000000	0.777444
Sample_51	0.105273	0.000000	0.894727
Sample_52	0.176376	0.000000	0.823624
Sample_53	0.887495	0.000000	0.112505
Sample_54	0.099149	0.000000	0.900851
Sample_55	0.266693	0.000000	0.733307
Sample_56	0.375962	0.029020	0.595018
Sample_57	0.291232	0.000000	0.708768
Sample_58	0.354587	0.000000	0.645413
Sample_59	0.389170	0.000000	0.610830
Sample_6	0.000000	0.000000	1.000000
Sample_60	0.197296	0.000000	0.802704
Sample_61	0.319685	0.000000	0.680315
Sample_62	0.204204	0.000000	0.795796
Sample_63	0.420753	0.000000	0.579247
Sample_64	0.244227	0.000000	0.755773
Sample_65	0.096956	0.000000	0.903044
Sample_66	0.046787	0.000000	0.953213
Sample_67	0.157462	0.000000	0.842538
Sample_68	0.035900	0.011886	0.952214
Sample_69	0.337988	0.000000	0.662012
Sample_7	0.828946	0.000000	0.171054
Sample_70	0.299363	0.000000	0.700637
Sample_71	0.260155	0.000000	0.739845
Sample_72	0.786584	0.000000	0.213416
Sample_73	0.493468	0.000064	0.506468
Sample_74	0.449415	0.000000	0.550585
Sample_75	0.236519	0.015849	0.747632
Sample_76	0.159670	0.000000	0.840330
Sample_77	0.458774	0.128752	0.412475
Sample_78	0.236966	0.026084	0.736950
Sample_79	0.384029	0.000000	0.615971
Sample_8	0.400572	0.000000	0.599428
Sample_80	0.075448	0.000000	0.924552
Sample_81	0.376214	0.000000	0.623786
Sample_82	0.388028	0.000000	0.611972
Sample_83	0.514225	0.000000	0.485775
Sample_84	0.036342	0.000000	0.963658
Sample_85	0.840607	0.000000	0.159393
Sample_86	0.195274	0.000000	0.804726
Sample_87	0.141221	0.000000	0.858779
Sample_88	0.353226	0.000000	0.646774
Sample_89	0.370759	0.000000	0.629241
Sample_9	0.124436	0.276300	0.599264
Sample_90	0.089483	0.000000	0.910517
Sample_91	0.169236	0.000000	0.830764
Sample_92	0.233121	0.000000	0.766879
Sample_93	0.481559	0.000000	0.518441
Sample_94	0.186229	0.048578	0.765192
Sample_95	0.093249	0.000000	0.906751
Sample_96	0.240230	0.000000	0.759770
Sample_97	0.584131	0.000000	0.415869
Sample_98	0.371092	0.000000	0.628908
Sample_99	0.463044	0.000000	0.536956
