Sample	CEU	PUR	YRI
Sample_1	0.247635	0.000000	0.752365
Sample_10	0.288777	0.000000	0.711223
Sample_100	0.481284	0.140383	0.378333
Sample_11	0.070901	0.000000	0.929099
Sample_12	0.672762	0.000000	0.327238
Sample_13	0.411937	0.000000	0.588063
Sample_14	0.427682	0.000000	0.572318
Sample_15	0.043538	0.000000	0.956462
Sample_16	0.706261	0.030964	0.262775
Sample_17	0.000047	0.039236	0.960716
Sample_18	0.233596	0.000000	0.766404
Sample_19	0.511172	0.000000	0.488828
Sample_2	0.666314	0.000000	0.333686
Sample_20	0.465387	0.000000	0.534613
Sample_21	0.446990	0.000000	0.553010
Sample_22	0.308918	0.000000	0.691082
Sample_23	0.347199	0.000000	0.652801
Sample_24	0.233086	0.000000	0.766914
Sample_25	0.392514	0.000000	0.607486
Sample_26	0.429741	0.000000	0.570259
Sample_27	0.151278	0.000000	0.848722
Sample_28	0.547191	0.000000	0.452809
Sample_29	0.129053	0.000000	0.870947
Sample_3	0.268859	0.000000	0.731141
Sample_30	0.243076	0.000000	0.756924
Sample_31	0.111619	0.000000	0.888381
Sample_32	0.364366	0.000000	0.635634
Sample_33	0.408185	0.000000	0.591815
Sample_34	0.231979	0.000000	0.768021
Sample_35	0.264186	0.000000	0.735814
Sample_36	0.506509	0.000000	0.493491
Sample_37	0.583769	0.000000	0.416231
Sample_38	0.438904	0.000000	0.561096
Sample_39	0.545453	0.010668	0.443878
Sample_4	0.555055	0.000000	0.444945
Sample_40	0.267985	0.000000	0.732015
Sample_41	0.034206	0.017583	0.948212
Sample_42	0.316151	0.000000	0.683849
Sample_43	0.420938	0.000000	0.579062
Sample_44	0.064973	0.000000	0.935027
Sample_45	0.230371	0.000000	0.769629
Sample_46	0.233959	0.000000	0.766041
Sample_47	0.379522	0.000000	0.620478
Sample_48	0.452210	0.000000	0.547790
Sample_49	0.264250	0.000000	0.735750
Sample_5	0.359038	0.000000	0.640962
Sample_50	0.037865	0.000000	0.962135
Sample_51	0.345642	0.000000	0.654358
Sample_52	0.633529	0.000000	0.366471
Sample_53	0.727006	0.000000	0.272994
Sample_54	0.219637	0.000000	0.780363
Sample_55	0.329797	0.000000	0.670203
Sample_56	0.442406	0.000000	0.557594
Sample_57	0.447247	0.000000	0.552753
Sample_58	0.277141	0.000000	0.722859
Sample_59	0.047581	0.000000	0.952419
Sample_6	0.421984	0.075169	0.502847
Sample_60	0.454362	0.000000	0.545638
Sample_61	0.119674	0.000000	0.880326
Sample_62	0.173132	0.000000	0.826868
Sample_63	0.292546	0.101289	0.606165
Sample_64	0.602884	0.000000	0.397116
Sample_65	0.201205	0.000000	0.798795
Sample_66	0.649697	0.000000	0.350303
Sample_67	0.073672	0.000000	0.926328
Sample_68	0.636201	0.000000	0.363799
Sample_69	0.000000	0.175305	0.824695
Sample_7	0.567894	0.000000	0.432106
Sample_70	0.000000	0.000000	1.000000
Sample_71	0.424846	0.000000	0.575154
Sample_72	0.245340	0.000000	0.754660
Sample_73	0.370468	0.000000	0.629532
Sample_74	0.311447	0.000000	0.688553
Sample_75	0.170515	0.000000	0.829485
Sample_76	0.314627	0.000000	0.685373
Sample_77	0.256064	0.000000	0.743936
Sample_78	0.183598	0.000000	0.816402
Sample_79	0.520763	0.000000	0.479237
Sample_8	0.296560	0.000000	0.703440
Sample_80	0.344673	0.000000	0.655327
Sample_81	0.226079	0.015363	0.758557
Sample_82	0.557316	0.000000	0.442684
Sample_83	0.153094	0.000000	0.846906
Sample_84	0.223644	0.000000	0.776356
Sample_85	0.301383	0.000000	0.698617
Sample_86	0.373777	0.127157	0.499066
Sample_87	0.393289	0.000000	0.606711
Sample_88	0.203541	0.000000	0.796459
Sample_89	0.074693	0.000000	0.925307
Sample_9	0.615215	0.000000	0.384785
Sample_90	0.304337	0.000000	0.695663
Sample_91	0.459817	0.000000	0.540183
Sample_92	0.138228	0.000000	0.861772
Sample_93	0.184254	0.000000	0.815746
Sample_94	0.267215	0.000000	0.732785
Sample_95	0.229097	0.000000	0.770903
Sample_96	0.830777	0.000000	0.169223
Sample_97	0.700644	0.000000	0.299356
Sample_98	0.770182	0.000000	0.229818
Sample_99	0.226416	0.000000	0.773584
