Sample	CEU	PUR	YRI
Sample_1	0.589434	0.000000	0.410566
Sample_10	0.108681	0.000000	0.891319
Sample_100	0.253675	0.000000	0.746325
Sample_11	0.213765	0.000000	0.786235
Sample_12	0.501840	0.011985	0.486175
Sample_13	0.482057	0.000000	0.517943
Sample_14	0.365928	0.000000	0.634072
Sample_15	0.428204	0.000000	0.571796
Sample_16	0.625398	0.000000	0.374602
Sample_17	0.416299	0.027974	0.555727
Sample_18	0.247096	0.021751	0.731153
Sample_19	0.582193	0.000000	0.417807
Sample_2	0.563779	0.000000	0.436221
Sample_20	0.233381	0.002199	0.764420
Sample_21	0.350768	0.000000	0.649232
Sample_22	0.400736	0.000000	0.599264
Sample_23	0.230573	0.000000	0.769427
Sample_24	0.198306	0.000000	0.801694
Sample_25	0.499770	0.000000	0.500230
Sample_26	0.524621	0.000000	0.475379
Sample_27	0.424920	0.048807	0.526273
Sample_28	0.644417	0.000000	0.355583
Sample_29	0.179644	0.035204	0.785153
Sample_3	0.506762	0.000000	0.493238
Sample_30	0.443335	0.000000	0.556665
Sample_31	0.082888	0.018000	0.899112
Sample_32	0.221276	0.000000	0.778724
Sample_33	0.092480	0.021751	0.885769
Sample_34	0.166064	0.000000	0.833936
Sample_35	0.516467	0.016671	0.466863
Sample_36	0.510057	0.000000	0.489943
Sample_37	0.373152	0.000000	0.626848
Sample_38	0.401533	0.000000	0.598467
Sample_39	0.396593	0.000000	0.603407
Sample_4	0.267050	0.000000	0.732950
Sample_40	0.254590	0.000000	0.745410
Sample_41	0.304954	0.000000	0.695046
Sample_42	0.357590	0.000000	0.642410
Sample_43	0.271591	0.286819	0.441590
Sample_44	0.395842	0.000000	0.604158
Sample_45	0.294479	0.000000	0.705521
Sample_46	0.299986	0.010523	0.689490
Sample_47	0.467457	0.000000	0.532543
Sample_48	0.435210	0.000000	0.564790
Sample_49	0.554206	0.000000	0.445794
Sample_5	0.383447	0.000000	0.616553
Sample_50	0.166206	0.000000	0.833794
Sample_51	0.560938	0.000000	0.439062
Sample_52	0.414412	0.000000	0.585588
Sample_53	0.480153	0.000000	0.519847
Sample_54	0.197686	0.000000	0.802314
Sample_55	0.358012	0.000000	0.641988
Sample_56	0.264085	0.000000	0.735915
Sample_57	0.265580	0.000000	0.734420
Sample_58	0.560641	0.000000	0.439359
Sample_59	0.394053	0.000000	0.605947
Sample_6	0.252425	0.000000	0.747575
Sample_60	0.353506	0.000000	0.646494
Sample_61	0.305287	0.024545	0.670167
Sample_62	0.223291	0.000000	0.776709
Sample_63	0.322930	0.000000	0.677070
Sample_64	0.173520	0.054992	0.771488
Sample_65	0.476533	0.000000	0.523467
Sample_66	0.585432	0.000000	0.414568
Sample_67	0.444524	0.000000	0.555476
Sample_68	0.247617	0.000000	0.752383
Sample_69	0.371683	0.000000	0.628317
Sample_7	0.331910	0.000000	0.668090
Sample_70	0.374265	0.006927	0.618808
Sample_71	0.179657	0.100793	0.719550
Sample_72	0.540271	0.000000	0.459729
Sample_73	0.200880	0.000000	0.799120
Sample_74	0.439536	0.000000	0.560464
Sample_75	0.601711	0.000000	0.398289
Sample_76	0.087461	0.000000	0.912539
Sample_77	0.174267	0.000000	0.825733
Sample_78	0.402915	0.000000	0.597085
Sample_79	0.167849	0.000000	0.832151
Sample_8	0.080476	0.000000	0.919524
Sample_80	0.576194	0.000000	0.423806
Sample_81	0.336232	0.000000	0.663768
Sample_82	0.484127	0.000000	0.515873
Sample_83	0.368241	0.000000	0.631759
Sample_84	0.465451	0.000000	0.534549
Sample_85	0.446783	0.000000	0.553217
Sample_86	0.499099	0.000000	0.500901
Sample_87	0.337306	0.000000	0.662694
Sample_88	0.424789	0.000000	0.575211
Sample_89	0.252731	0.000000	0.747269
Sample_9	0.175694	0.000000	0.824306
Sample_90	0.331182	0.000000	0.668818
Sample_91	0.041039	0.000000	0.958961
Sample_92	0.185957	0.000000	0.814043
Sample_93	0.270536	0.000000	0.729464
Sample_94	0.200044	0.000000	0.799956
Sample_95	0.235050	0.000000	0.764950
Sample_96	0.475592	0.077657	0.446750
Sample_97	0.582182	0.000000	0.417818
Sample_98	0.395043	0.000000	0.604957
Sample_99	0.268276	0.000000	0.731724
