Sample	CEU	PUR	YRI
Sample_1	0.204777	0.096233	0.698990
Sample_10	0.175328	0.000000	0.824672
Sample_100	0.692168	0.000000	0.307832
Sample_11	0.161425	0.000000	0.838575
Sample_12	0.031043	0.000000	0.968957
Sample_13	0.180272	0.000000	0.819728
Sample_14	0.790220	0.000000	0.209780
Sample_15	0.195928	0.000000	0.804072
Sample_16	0.287498	0.000000	0.712502
Sample_17	0.122806	0.000000	0.877194
Sample_18	0.092044	0.000000	0.907956
Sample_19	0.477164	0.005299	0.517536
Sample_2	0.305616	0.000000	0.694384
Sample_20	0.547773	0.000000	0.452227
Sample_21	0.712316	0.000000	0.287684
Sample_22	0.224337	0.011931	0.763732
Sample_23	0.433169	0.000000	0.566831
Sample_24	0.254738	0.000000	0.745262
Sample_25	0.369975	0.000000	0.630025
Sample_26	0.024799	0.179177	0.796024
Sample_27	0.379560	0.000000	0.620440
Sample_28	0.403324	0.000000	0.596676
Sample_29	0.283721	0.020540	0.695739
Sample_3	0.228848	0.000000	0.771152
Sample_30	0.412020	0.000000	0.587980
Sample_31	0.361048	0.000000	0.638952
Sample_32	0.063010	0.000000	0.936990
Sample_33	0.370168	0.000000	0.629832
Sample_34	0.220731	0.000000	0.779269
Sample_35	0.147917	0.125881	0.726201
Sample_36	0.113687	0.000000	0.886313
Sample_37	0.596468	0.000000	0.403532
Sample_38	0.584794	0.000000	0.415206
Sample_39	0.041058	0.000000	0.958942
Sample_4	0.017652	0.000000	0.982348
Sample_40	0.291859	0.000000	0.708141
Sample_41	0.142730	0.000000	0.857270
Sample_42	0.269767	0.000000	0.730233
Sample_43	0.209845	0.000000	0.790155
Sample_44	0.503467	0.000000	0.496533
Sample_45	0.295485	0.000000	0.704515
Sample_46	0.173630	0.055780	0.770589
Sample_47	0.186248	0.000000	0.813752
Sample_48	0.352493	0.000000	0.647507
Sample_49	0.407090	0.000000	0.592910
Sample_5	0.417767	0.000000	0.582233
Sample_50	0.356276	0.000000	0.643724
Sample_51	0.368095	0.000000	0.631905
Sample_52	0.326739	0.000000	0.673261
Sample_53	0.225818	0.000000	0.774182
Sample_54	0.207414	0.000000	0.792586
Sample_55	0.469790	0.000000	0.530210
Sample_56	0.367765	0.000000	0.632235
Sample_57	0.208348	0.015849	0.775802
Sample_58	0.098011	0.000000	0.901989
Sample_59	0.736022	0.000000	0.263978
Sample_6	0.408732	0.000000	0.591268
Sample_60	0.389268	0.013450	0.597282
Sample_61	0.591684	0.000000	0.408316
Sample_62	0.434987	0.000000	0.565013
Sample_63	0.188342	0.021314	0.790344
Sample_64	0.366594	0.000000	0.633406
Sample_65	0.506271	0.000000	0.493729
Sample_66	0.273190	0.000000	0.726810
Sample_67	0.092789	0.000000	0.907211
Sample_68	0.183950	0.000000	0.816050
Sample_69	0.305207	0.000000	0.694793
Sample_7	0.482720	0.000000	0.517280
Sample_70	0.265289	0.000000	0.734711
Sample_71	0.840305	0.000000	0.159695
Sample_72	0.370298	0.000000	0.629702
Sample_73	0.768140	0.000000	0.231860
Sample_74	0.393779	0.000000	0.606221
Sample_75	0.617307	0.000000	0.382693
Sample_76	0.528799	0.000000	0.471201
Sample_77	0.096401	0.000000	0.903599
Sample_78	0.253076	0.000000	0.746924
Sample_79	0.361539	0.000000	0.638461
Sample_8	0.416387	0.000000	0.583613
Sample_80	0.116486	0.000000	0.883514
Sample_81	0.218124	0.000000	0.781876
Sample_82	0.289682	0.000000	0.710318
Sample_83	0.131180	0.000000	0.868820
Sample_84	0.559233	0.000000	0.440767
Sample_85	0.071904	0.000000	0.928096
Sample_86	0.617083	0.000000	0.382917
Sample_87	0.575685	0.000000	0.424315
Sample_88	0.266123	0.000000	0.733877
Sample_89	0.327439	0.000000	0.672561
Sample_9	0.145770	0.000000	0.854230
Sample_90	0.345778	0.000000	0.654222
Sample_91	0.079494	0.000000	0.920506
Sample_92	0.782391	0.000000	0.217609
Sample_93	0.577764	0.000000	0.422236
Sample_94	0.502616	0.000000	0.497384
Sample_95	0.161773	0.035524	0.802703
Sample_96	0.216427	0.000000	0.783573
Sample_97	0.328054	0.016819	0.655128
Sample_98	0.535391	0.000000	0.464609
Sample_99	0.224604	0.000000	0.775396
