Sample	CEU	PUR	YRI
Sample_1	0.247636	0.000000	0.752364
Sample_10	0.288779	0.000000	0.711221
Sample_100	0.481281	0.140384	0.378335
Sample_11	0.070902	0.000000	0.929098
Sample_12	0.672765	0.000000	0.327235
Sample_13	0.411939	0.000000	0.588061
Sample_14	0.427682	0.000000	0.572318
Sample_15	0.043539	0.000000	0.956461
Sample_16	0.706265	0.030964	0.262771
Sample_17	0.000047	0.039234	0.960718
Sample_18	0.233594	0.000000	0.766406
Sample_19	0.511172	0.000000	0.488828
Sample_2	0.666315	0.000000	0.333685
Sample_20	0.465389	0.000000	0.534611
Sample_21	0.446993	0.000000	0.553007
Sample_22	0.308734	0.000000	0.691266
Sample_23	0.347201	0.000000	0.652799
Sample_24	0.233087	0.000000	0.766913
Sample_25	0.392516	0.000000	0.607484
Sample_26	0.429741	0.000000	0.570259
Sample_27	0.151279	0.000000	0.848721
Sample_28	0.547194	0.000000	0.452806
Sample_29	0.129048	0.000000	0.870952
Sample_3	0.268858	0.000000	0.731142
Sample_30	0.243075	0.000000	0.756925
Sample_31	0.111614	0.000000	0.888386
Sample_32	0.364366	0.000000	0.635634
Sample_33	0.408184	0.000000	0.591816
Sample_34	0.231981	0.000000	0.768019
Sample_35	0.264184	0.000000	0.735816
Sample_36	0.506509	0.000000	0.493491
Sample_37	0.583769	0.000000	0.416231
Sample_38	0.438906	0.000000	0.561094
Sample_39	0.545454	0.010668	0.443878
Sample_4	0.555058	0.000000	0.444942
Sample_40	0.267983	0.000000	0.732017
Sample_41	0.034206	0.017583	0.948211
Sample_42	0.316150	0.000000	0.683850
Sample_43	0.420937	0.000000	0.579063
Sample_44	0.064973	0.000000	0.935027
Sample_45	0.230369	0.000000	0.769631
Sample_46	0.233957	0.000000	0.766043
Sample_47	0.379522	0.000000	0.620478
Sample_48	0.452212	0.000000	0.547788
Sample_49	0.264251	0.000000	0.735749
Sample_5	0.359040	0.000000	0.640960
Sample_50	0.037865	0.000000	0.962135
Sample_51	0.345644	0.000000	0.654356
Sample_52	0.633530	0.000000	0.366470
Sample_53	0.727010	0.000000	0.272990
Sample_54	0.219638	0.000000	0.780362
Sample_55	0.329796	0.000000	0.670204
Sample_56	0.442406	0.000000	0.557594
Sample_57	0.447246	0.000000	0.552754
Sample_58	0.277140	0.000000	0.722860
Sample_59	0.047581	0.000000	0.952419
Sample_6	0.421986	0.075169	0.502845
Sample_60	0.454361	0.000000	0.545639
Sample_61	0.119669	0.000000	0.880331
Sample_62	0.173131	0.000000	0.826869
Sample_63	0.292542	0.101290	0.606168
Sample_64	0.602887	0.000000	0.397113
Sample_65	0.201206	0.000000	0.798794
Sample_66	0.649701	0.000000	0.350299
Sample_67	0.073673	0.000000	0.926327
Sample_68	0.636202	0.000000	0.363798
Sample_69	0.000000	0.175305	0.824695
Sample_7	0.567894	0.000000	0.432106
Sample_70	0.000000	0.000000	1.000000
Sample_71	0.424848	0.000000	0.575152
Sample_72	0.245156	0.000000	0.754844
Sample_73	0.370467	0.000000	0.629533
Sample_74	0.311446	0.000000	0.688554
Sample_75	0.170516	0.000000	0.829484
Sample_76	0.314624	0.000000	0.685376
Sample_77	0.256062	0.000000	0.743938
Sample_78	0.183599	0.000000	0.816401
Sample_79	0.520763	0.000000	0.479237
Sample_8	0.296556	0.000000	0.703444
Sample_80	0.344672	0.000000	0.655328
Sample_81	0.226080	0.015363	0.758556
Sample_82	0.557316	0.000000	0.442684
Sample_83	0.153092	0.000000	0.846908
Sample_84	0.223640	0.000000	0.776360
Sample_85	0.301385	0.000000	0.698615
Sample_86	0.373779	0.127158	0.499064
Sample_87	0.393291	0.000000	0.606709
Sample_88	0.203540	0.000000	0.796460
Sample_89	0.074693	0.000000	0.925307
Sample_9	0.615216	0.000000	0.384784
Sample_90	0.304336	0.000000	0.695664
Sample_91	0.459817	0.000000	0.540183
Sample_92	0.138229	0.000000	0.861771
Sample_93	0.184253	0.000000	0.815747
Sample_94	0.267214	0.000000	0.732786
Sample_95	0.229095	0.000000	0.770905
Sample_96	0.830781	0.000000	0.169219
Sample_97	0.700648	0.000000	0.299352
Sample_98	0.770183	0.000000	0.229817
Sample_99	0.226414	0.000000	0.773586
