Sample	CEU	PUR	YRI
Sample_1	0.441495	0.000000	0.558505
Sample_10	0.300546	0.000000	0.699454
Sample_100	0.602415	0.000000	0.397585
Sample_11	0.470794	0.000000	0.529206
Sample_12	0.596391	0.000000	0.403609
Sample_13	0.293859	0.000000	0.706141
Sample_14	0.410298	0.000000	0.589702
Sample_15	0.490697	0.000000	0.509303
Sample_16	0.341748	0.000000	0.658252
Sample_17	0.057058	0.140725	0.802218
Sample_18	0.290896	0.000000	0.709104
Sample_19	0.383493	0.000000	0.616507
Sample_2	0.113954	0.000000	0.886046
Sample_20	0.673978	0.000000	0.326022
Sample_21	0.562869	0.000000	0.437131
Sample_22	0.070605	0.000000	0.929395
Sample_23	0.079174	0.000000	0.920826
Sample_24	0.107679	0.020173	0.872148
Sample_25	0.130632	0.000000	0.869368
Sample_26	0.649269	0.000000	0.350731
Sample_27	0.355688	0.000000	0.644312
Sample_28	0.214104	0.000000	0.785896
Sample_29	0.276725	0.000000	0.723275
Sample_3	0.240273	0.000000	0.759727
Sample_30	0.271275	0.000000	0.728725
Sample_31	0.304237	0.000000	0.695763
Sample_32	0.141868	0.000000	0.858132
Sample_33	0.653479	0.000000	0.346521
Sample_34	0.148942	0.000000	0.851058
Sample_35	0.512873	0.000000	0.487127
Sample_36	0.325841	0.000000	0.674159
Sample_37	0.498160	0.000000	0.501840
Sample_38	0.243899	0.000000	0.756101
Sample_39	0.221637	0.000000	0.778363
Sample_4	0.556139	0.000000	0.443861
Sample_40	0.304947	0.000000	0.695053
Sample_41	0.459324	0.000000	0.540676
Sample_42	0.261482	0.000000	0.738518
Sample_43	0.289499	0.000000	0.710501
Sample_44	0.327967	0.000000	0.672033
Sample_45	0.636662	0.000000	0.363338
Sample_46	0.565052	0.000000	0.434948
Sample_47	0.599944	0.000000	0.400056
Sample_48	0.455842	0.000000	0.544158
Sample_49	0.118254	0.000000	0.881746
Sample_5	0.447809	0.000000	0.552191
Sample_50	0.414671	0.000000	0.585329
Sample_51	0.412705	0.000000	0.587295
Sample_52	0.269061	0.000000	0.730939
Sample_53	0.360062	0.000000	0.639938
Sample_54	0.642409	0.000000	0.357591
Sample_55	0.454061	0.203386	0.342553
Sample_56	0.162840	0.000000	0.837160
Sample_57	0.025805	0.026317	0.947877
Sample_58	0.305637	0.000000	0.694363
Sample_59	0.500000	0.000000	0.500000
Sample_6	0.583119	0.000000	0.416881
Sample_60	0.407171	0.000000	0.592829
Sample_61	0.185803	0.000000	0.814197
Sample_62	0.257187	0.000000	0.742813
Sample_63	0.569960	0.000000	0.430040
Sample_64	0.123997	0.000000	0.876003
Sample_65	0.440145	0.016271	0.543584
Sample_66	0.368415	0.000000	0.631585
Sample_67	0.639889	0.000000	0.360111
Sample_68	0.109740	0.105159	0.785102
Sample_69	0.191844	0.000000	0.808156
Sample_7	0.506882	0.000000	0.493118
Sample_70	0.708515	0.000000	0.291485
Sample_71	0.147967	0.000000	0.852033
Sample_72	0.310134	0.000000	0.689866
Sample_73	0.417195	0.000000	0.582805
Sample_74	0.297352	0.012173	0.690474
Sample_75	0.355842	0.000000	0.644158
Sample_76	0.527005	0.000000	0.472995
Sample_77	0.623944	0.000000	0.376056
Sample_78	0.326754	0.000000	0.673246
Sample_79	0.062555	0.005860	0.931585
Sample_8	0.316294	0.000000	0.683706
Sample_80	0.085794	0.000000	0.914206
Sample_81	0.239825	0.000000	0.760175
Sample_82	0.597021	0.000000	0.402979
Sample_83	0.226140	0.000000	0.773860
Sample_84	0.270915	0.000000	0.729085
Sample_85	0.572098	0.000000	0.427902
Sample_86	0.292423	0.000000	0.707577
Sample_87	0.542472	0.000000	0.457528
Sample_88	0.459232	0.000000	0.540768
Sample_89	0.000000	0.000000	1.000000
Sample_9	0.272678	0.000000	0.727322
Sample_90	0.176901	0.000000	0.823099
Sample_91	0.169692	0.091045	0.739262
Sample_92	0.466999	0.055036	0.477965
Sample_93	0.250707	0.000000	0.749293
Sample_94	0.340442	0.000000	0.659558
Sample_95	0.375336	0.000000	0.624664
Sample_96	0.317049	0.000000	0.682951
Sample_97	0.138884	0.000000	0.861116
Sample_98	0.619793	0.000000	0.380207
Sample_99	0.228878	0.000000	0.771122
