Sample	CEU	PUR	YRI
Sample_1	0.437934	0.000000	0.562066
Sample_10	0.552285	0.000000	0.447715
Sample_100	0.635002	0.000000	0.364998
Sample_11	0.526774	0.000000	0.473226
Sample_12	0.141497	0.000000	0.858503
Sample_13	0.544462	0.043001	0.412537
Sample_14	0.300282	0.000000	0.699718
Sample_15	0.334539	0.000000	0.665461
Sample_16	0.311499	0.000000	0.688501
Sample_17	0.484768	0.000000	0.515232
Sample_18	0.301991	0.000000	0.698009
Sample_19	0.328083	0.017683	0.654235
Sample_2	0.458562	0.000000	0.541438
Sample_20	0.200776	0.000000	0.799224
Sample_21	0.361701	0.000000	0.638299
Sample_22	0.193471	0.000000	0.806529
Sample_23	0.264967	0.064265	0.670767
Sample_24	0.295939	0.000000	0.704061
Sample_25	0.349170	0.074591	0.576239
Sample_26	0.143863	0.000000	0.856137
Sample_27	0.299388	0.000000	0.700612
Sample_28	0.419657	0.000000	0.580343
Sample_29	0.165144	0.037210	0.797646
Sample_3	0.240654	0.000000	0.759346
Sample_30	0.677796	0.056578	0.265626
Sample_31	0.103322	0.000000	0.896678
Sample_32	0.263224	0.000000	0.736776
Sample_33	0.429241	0.000000	0.570759
Sample_34	0.225252	0.000000	0.774748
Sample_35	0.368040	0.086796	0.545163
Sample_36	0.402430	0.000000	0.597570
Sample_37	0.453988	0.000000	0.546012
Sample_38	0.346875	0.000000	0.653125
Sample_39	0.225310	0.000000	0.774690
Sample_4	0.348125	0.000000	0.651875
Sample_40	0.349344	0.115429	0.535226
Sample_41	0.263609	0.023475	0.712916
Sample_42	0.410135	0.000000	0.589865
Sample_43	0.256875	0.071823	0.671302
Sample_44	0.058678	0.000000	0.941322
Sample_45	0.210521	0.000000	0.789479
Sample_46	0.114373	0.006821	0.878806
Sample_47	0.227780	0.000000	0.772220
Sample_48	0.428030	0.000000	0.571970
Sample_49	0.334012	0.000000	0.665988
Sample_5	0.188548	0.000000	0.811452
Sample_50	0.368528	0.000000	0.631472
Sample_51	0.403143	0.000000	0.596857
Sample_52	0.605386	0.016167	0.378447
Sample_53	0.307339	0.000000	0.692661
Sample_54	0.343478	0.000000	0.656522
Sample_55	0.396217	0.025663	0.578120
Sample_56	0.270278	0.000000	0.729722
Sample_57	0.229546	0.112281	0.658173
Sample_58	0.045845	0.000000	0.954155
Sample_59	0.281838	0.000000	0.718162
Sample_6	0.535679	0.000000	0.464321
Sample_60	0.434463	0.000000	0.565537
Sample_61	0.484313	0.000000	0.515687
Sample_62	0.401047	0.000000	0.598953
Sample_63	0.201307	0.017736	0.780956
Sample_64	0.141884	0.000000	0.858116
Sample_65	0.356883	0.000000	0.643117
Sample_66	0.250545	0.000000	0.749455
Sample_67	0.307216	0.000000	0.692784
Sample_68	0.525628	0.000000	0.474372
Sample_69	0.282360	0.000000	0.717640
Sample_7	0.320653	0.000000	0.679347
Sample_70	0.209296	0.000000	0.790704
Sample_71	0.281492	0.000000	0.718508
Sample_72	0.662137	0.000000	0.337863
Sample_73	0.173287	0.012919	0.813794
Sample_74	0.678012	0.000000	0.321988
Sample_75	0.261178	0.000000	0.738822
Sample_76	0.337311	0.000000	0.662689
Sample_77	0.256409	0.000000	0.743591
Sample_78	0.120044	0.000000	0.879956
Sample_79	0.549788	0.000000	0.450212
Sample_8	0.238623	0.000000	0.761377
Sample_80	0.238560	0.000000	0.761440
Sample_81	0.362476	0.000000	0.637524
Sample_82	0.445881	0.000000	0.554119
Sample_83	0.243474	0.000000	0.756526
Sample_84	0.334448	0.027817	0.637734
Sample_85	0.315007	0.000000	0.684993
Sample_86	0.300781	0.000000	0.699219
Sample_87	0.532608	0.000000	0.467392
Sample_88	0.377725	0.010251	0.612024
Sample_89	0.385878	0.000000	0.614122
Sample_9	0.233697	0.056506	0.709798
Sample_90	0.330997	0.000000	0.669003
Sample_91	0.347685	0.000000	0.652315
Sample_92	0.526127	0.037193	0.436680
Sample_93	0.243176	0.000000	0.756824
Sample_94	0.480428	0.000000	0.519572
Sample_95	0.320571	0.129688	0.549741
Sample_96	0.268270	0.000000	0.731730
Sample_97	0.533885	0.000000	0.466115
Sample_98	0.343032	0.000000	0.656968
Sample_99	0.268310	0.000000	0.731690
