Sample	CEU	PUR	YRI
Sample_1	0.436597	0.000000	0.563403
Sample_10	0.153332	0.000000	0.846668
Sample_100	0.169507	0.000000	0.830493
Sample_11	0.131338	0.000000	0.868662
Sample_12	0.390176	0.000000	0.609824
Sample_13	0.162532	0.000000	0.837468
Sample_14	0.178859	0.000000	0.821141
Sample_15	0.343098	0.000000	0.656902
Sample_16	0.439768	0.000000	0.560232
Sample_17	0.303333	0.000000	0.696667
Sample_18	0.089155	0.000000	0.910845
Sample_19	0.121053	0.000000	0.878947
Sample_2	0.459423	0.044622	0.495955
Sample_20	0.073003	0.016060	0.910936
Sample_21	0.084658	0.033169	0.882173
Sample_22	0.203517	0.000000	0.796483
Sample_23	0.251449	0.000000	0.748551
Sample_24	0.149408	0.000000	0.850592
Sample_25	0.025603	0.000000	0.974397
Sample_26	0.325622	0.000000	0.674378
Sample_27	0.665165	0.000000	0.334835
Sample_28	0.387727	0.000000	0.612273
Sample_29	0.316425	0.000000	0.683575
Sample_3	0.234939	0.000000	0.765061
Sample_30	0.279830	0.378487	0.341683
Sample_31	0.313478	0.000000	0.686522
Sample_32	0.293750	0.000000	0.706250
Sample_33	0.452617	0.044622	0.502761
Sample_34	0.481650	0.022955	0.495395
Sample_35	0.310128	0.000000	0.689872
Sample_36	0.390556	0.000000	0.609444
Sample_37	0.275859	0.000000	0.724141
Sample_38	0.432909	0.035605	0.531486
Sample_39	0.470787	0.000000	0.529213
Sample_4	0.495454	0.000000	0.504546
Sample_40	0.335391	0.000000	0.664609
Sample_41	0.449772	0.050101	0.500127
Sample_42	0.339230	0.000000	0.660770
Sample_43	0.442770	0.000000	0.557230
Sample_44	0.447710	0.000000	0.552290
Sample_45	0.095771	0.000000	0.904229
Sample_46	0.487607	0.092646	0.419747
Sample_47	0.302001	0.000000	0.697999
Sample_48	0.389939	0.000000	0.610061
Sample_49	0.452666	0.102093	0.445241
Sample_5	0.329737	0.000000	0.670263
Sample_50	0.273613	0.000000	0.726387
Sample_51	0.566140	0.000000	0.433860
Sample_52	0.304591	0.000000	0.695409
Sample_53	0.559332	0.000000	0.440668
Sample_54	0.371194	0.000000	0.628806
Sample_55	0.450895	0.000000	0.549105
Sample_56	0.714345	0.000000	0.285655
Sample_57	0.489353	0.000000	0.510647
Sample_58	0.207954	0.000000	0.792046
Sample_59	0.136797	0.000000	0.863203
Sample_6	0.339396	0.000000	0.660604
Sample_60	0.192860	0.000000	0.807140
Sample_61	0.232032	0.000000	0.767968
Sample_62	0.502943	0.000000	0.497057
Sample_63	0.122882	0.000000	0.877118
Sample_64	0.385209	0.000000	0.614791
Sample_65	0.594922	0.000000	0.405078
Sample_66	0.022392	0.000000	0.977608
Sample_67	0.425650	0.000000	0.574350
Sample_68	0.000000	0.000000	1.000000
Sample_69	0.451581	0.000000	0.548419
Sample_7	0.255289	0.000000	0.744711
Sample_70	0.500440	0.000000	0.499560
Sample_71	0.433666	0.000000	0.566334
Sample_72	0.377821	0.000000	0.622179
Sample_73	0.684195	0.000000	0.315805
Sample_74	0.842629	0.000000	0.157371
Sample_75	0.254767	0.000000	0.745233
Sample_76	0.206156	0.000000	0.793844
Sample_77	0.108682	0.000000	0.891318
Sample_78	0.408370	0.000000	0.591630
Sample_79	0.440892	0.000000	0.559108
Sample_8	0.409741	0.000000	0.590259
Sample_80	0.265649	0.000000	0.734351
Sample_81	0.257406	0.016237	0.726357
Sample_82	0.043530	0.000000	0.956470
Sample_83	0.437912	0.000000	0.562088
Sample_84	0.024919	0.000000	0.975081
Sample_85	0.159659	0.000000	0.840341
Sample_86	0.282571	0.000000	0.717429
Sample_87	0.837640	0.000000	0.162360
Sample_88	0.104635	0.000000	0.895365
Sample_89	0.619168	0.000000	0.380832
Sample_9	0.568820	0.079702	0.351478
Sample_90	0.428924	0.000000	0.571076
Sample_91	0.285915	0.003575	0.710510
Sample_92	0.247255	0.000000	0.752745
Sample_93	0.251980	0.000000	0.748020
Sample_94	0.437381	0.000000	0.562619
Sample_95	0.123898	0.000000	0.876102
Sample_96	0.229908	0.000000	0.770092
Sample_97	0.196416	0.000000	0.803584
Sample_98	0.307022	0.000000	0.692978
Sample_99	0.082373	0.000000	0.917627
