Sample	CEU	PUR	YRI
Sample_1	0.530764	0.000001	0.469234
Sample_10	0.202673	0.000000	0.797327
Sample_100	0.351589	0.029170	0.619241
Sample_11	0.389978	0.000000	0.610022
Sample_12	0.309565	0.000000	0.690435
Sample_13	0.367230	0.000000	0.632770
Sample_14	0.169604	0.000000	0.830396
Sample_15	0.455592	0.000000	0.544408
Sample_16	0.249424	0.000000	0.750576
Sample_17	0.141488	0.000000	0.858512
Sample_18	0.630444	0.000000	0.369556
Sample_19	0.487810	0.000000	0.512190
Sample_2	0.704097	0.000000	0.295903
Sample_20	0.551594	0.000000	0.448406
Sample_21	0.203138	0.050984	0.745878
Sample_22	0.275629	0.000000	0.724371
Sample_23	0.536792	0.000000	0.463208
Sample_24	0.625639	0.000000	0.374361
Sample_25	0.362335	0.000000	0.637665
Sample_26	0.406757	0.000000	0.593243
Sample_27	0.058566	0.190098	0.751336
Sample_28	0.454672	0.000000	0.545328
Sample_29	0.190121	0.238471	0.571408
Sample_3	0.161919	0.000000	0.838081
Sample_30	0.357937	0.000000	0.642063
Sample_31	0.498602	0.000000	0.501398
Sample_32	0.422474	0.019836	0.557689
Sample_33	0.465564	0.140831	0.393606
Sample_34	0.243365	0.000000	0.756635
Sample_35	0.310623	0.000000	0.689377
Sample_36	0.467896	0.000000	0.532104
Sample_37	0.389719	0.000000	0.610281
Sample_38	0.372691	0.000000	0.627309
Sample_39	0.188660	0.000000	0.811340
Sample_4	0.628223	0.000000	0.371777
Sample_40	0.339933	0.000000	0.660067
Sample_41	0.234303	0.000000	0.765697
Sample_42	0.350870	0.000000	0.649130
Sample_43	0.590541	0.000000	0.409459
Sample_44	0.378441	0.000000	0.621559
Sample_45	0.335454	0.000229	0.664317
Sample_46	0.299048	0.000000	0.700952
Sample_47	0.385652	0.033297	0.581051
Sample_48	0.262232	0.000000	0.737768
Sample_49	0.105140	0.000000	0.894860
Sample_5	0.150097	0.000000	0.849903
Sample_50	0.266968	0.031926	0.701106
Sample_51	0.273512	0.000000	0.726488
Sample_52	0.347202	0.000000	0.652798
Sample_53	0.190731	0.000000	0.809269
Sample_54	0.561671	0.000000	0.438329
Sample_55	0.592737	0.000000	0.407263
Sample_56	0.239621	0.025573	0.734806
Sample_57	0.330383	0.000000	0.669617
Sample_58	0.223483	0.108007	0.668509
Sample_59	0.385317	0.080757	0.533926
Sample_6	0.321329	0.000000	0.678671
Sample_60	0.703681	0.000000	0.296319
Sample_61	0.105676	0.000000	0.894324
Sample_62	0.353129	0.037162	0.609708
Sample_63	0.391074	0.000000	0.608926
Sample_64	0.320968	0.000000	0.679032
Sample_65	0.352616	0.000000	0.647384
Sample_66	0.380487	0.000000	0.619513
Sample_67	0.242369	0.000000	0.757631
Sample_68	0.464524	0.031648	0.503829
Sample_69	0.484065	0.000000	0.515935
Sample_7	0.228128	0.000000	0.771872
Sample_70	0.324129	0.000000	0.675871
Sample_71	0.249649	0.000000	0.750351
Sample_72	0.332071	0.000000	0.667929
Sample_73	0.076020	0.059517	0.864463
Sample_74	0.466230	0.000000	0.533770
Sample_75	0.330839	0.000000	0.669161
Sample_76	0.211148	0.012334	0.776519
Sample_77	0.145141	0.000000	0.854859
Sample_78	0.214056	0.177284	0.608659
Sample_79	0.321298	0.000000	0.678702
Sample_8	0.439889	0.000000	0.560111
Sample_80	0.553435	0.126803	0.319762
Sample_81	0.394487	0.000000	0.605513
Sample_82	0.170875	0.000000	0.829125
Sample_83	0.328816	0.000000	0.671184
Sample_84	0.320129	0.000000	0.679871
Sample_85	0.323882	0.000000	0.676118
Sample_86	0.516683	0.000000	0.483317
Sample_87	0.208112	0.032660	0.759228
Sample_88	0.199749	0.090447	0.709804
Sample_89	0.337150	0.000000	0.662850
Sample_9	0.194573	0.000000	0.805427
Sample_90	0.290459	0.113010	0.596531
Sample_91	0.334578	0.000000	0.665422
Sample_92	0.253134	0.000000	0.746866
Sample_93	0.356347	0.000000	0.643653
Sample_94	0.464623	0.000000	0.535377
Sample_95	0.560620	0.000000	0.439380
Sample_96	0.141450	0.000000	0.858550
Sample_97	0.230426	0.000000	0.769574
Sample_98	0.182223	0.000000	0.817777
Sample_99	0.331262	0.037009	0.631729
