Sample	CEU	PUR	YRI
Sample_1	0.341382	0.000000	0.658618
Sample_10	0.545231	0.000000	0.454769
Sample_100	0.329360	0.000000	0.670640
Sample_11	0.263765	0.085284	0.650951
Sample_12	0.178190	0.000000	0.821810
Sample_13	0.436033	0.019053	0.544914
Sample_14	0.397361	0.000000	0.602639
Sample_15	0.181107	0.000000	0.818893
Sample_16	0.403548	0.000000	0.596452
Sample_17	0.306762	0.000000	0.693238
Sample_18	0.465668	0.026125	0.508207
Sample_19	0.005630	0.000000	0.994370
Sample_2	0.415706	0.000000	0.584294
Sample_20	0.414650	0.000000	0.585350
Sample_21	0.293513	0.000084	0.706403
Sample_22	0.175735	0.067611	0.756654
Sample_23	0.496302	0.000000	0.503698
Sample_24	0.534807	0.000000	0.465193
Sample_25	0.386668	0.000000	0.613332
Sample_26	0.309513	0.000000	0.690487
Sample_27	0.287287	0.000000	0.712713
Sample_28	0.603211	0.000000	0.396789
Sample_29	0.206863	0.000000	0.793137
Sample_3	0.605378	0.000000	0.394622
Sample_30	0.318787	0.000000	0.681213
Sample_31	0.551057	0.000000	0.448943
Sample_32	0.373768	0.000000	0.626232
Sample_33	0.266932	0.000000	0.733068
Sample_34	0.501327	0.000000	0.498673
Sample_35	0.424933	0.000000	0.575067
Sample_36	0.287219	0.000000	0.712781
Sample_37	0.462347	0.000000	0.537653
Sample_38	0.442371	0.000000	0.557629
Sample_39	0.417570	0.000000	0.582430
Sample_4	0.605106	0.000000	0.394894
Sample_40	0.364785	0.000000	0.635215
Sample_41	0.376109	0.000000	0.623891
Sample_42	0.574498	0.031825	0.393676
Sample_43	0.081305	0.000000	0.918695
Sample_44	0.733689	0.000000	0.266311
Sample_45	0.278393	0.000000	0.721607
Sample_46	0.726680	0.051200	0.222119
Sample_47	0.449945	0.000000	0.550055
Sample_48	0.397890	0.000000	0.602110
Sample_49	0.647146	0.000000	0.352854
Sample_5	0.463740	0.000000	0.536260
Sample_50	0.398812	0.000000	0.601188
Sample_51	0.301195	0.000000	0.698805
Sample_52	0.465565	0.000000	0.534435
Sample_53	0.172786	0.019962	0.807252
Sample_54	0.470673	0.000000	0.529327
Sample_55	0.225648	0.000000	0.774352
Sample_56	0.320717	0.000000	0.679283
Sample_57	0.215733	0.000000	0.784267
Sample_58	0.268797	0.000000	0.731203
Sample_59	0.528027	0.000000	0.471973
Sample_6	0.350501	0.000000	0.649499
Sample_60	0.240141	0.000000	0.759859
Sample_61	0.222758	0.000000	0.777242
Sample_62	0.663018	0.000000	0.336982
Sample_63	0.450120	0.045219	0.504661
Sample_64	0.515422	0.000000	0.484578
Sample_65	0.191879	0.000000	0.808121
Sample_66	0.422869	0.000000	0.577131
Sample_67	0.566113	0.000000	0.433887
Sample_68	0.371943	0.023555	0.604502
Sample_69	0.268148	0.000000	0.731852
Sample_7	0.006109	0.007866	0.986026
Sample_70	0.472012	0.000000	0.527988
Sample_71	0.416071	0.000000	0.583929
Sample_72	0.247712	0.000000	0.752288
Sample_73	0.076805	0.000000	0.923195
Sample_74	0.533939	0.000000	0.466061
Sample_75	0.275658	0.000000	0.724342
Sample_76	0.144900	0.000000	0.855100
Sample_77	0.572076	0.000000	0.427924
Sample_78	0.052927	0.025978	0.921094
Sample_79	0.257723	0.000000	0.742277
Sample_8	0.435507	0.000000	0.564493
Sample_80	0.353726	0.014690	0.631585
Sample_81	0.380388	0.000000	0.619612
Sample_82	0.612771	0.000000	0.387229
Sample_83	0.582126	0.000000	0.417874
Sample_84	0.368977	0.000000	0.631023
Sample_85	0.215391	0.000000	0.784609
Sample_86	0.275649	0.000000	0.724351
Sample_87	0.426250	0.000000	0.573750
Sample_88	0.208244	0.000000	0.791756
Sample_89	0.299862	0.000000	0.700138
Sample_9	0.193162	0.000000	0.806838
Sample_90	0.777932	0.000000	0.222068
Sample_91	0.576678	0.000000	0.423322
Sample_92	0.118479	0.000000	0.881521
Sample_93	0.383580	0.013948	0.602472
Sample_94	0.215381	0.010879	0.773740
Sample_95	0.225771	0.000000	0.774229
Sample_96	0.608994	0.000000	0.391006
Sample_97	0.084600	0.000000	0.915400
Sample_98	0.442967	0.000000	0.557033
Sample_99	0.148272	0.000000	0.851728
