Sample	CEU	PUR	YRI
Sample_1	0.107830	0.000000	0.892170
Sample_10	0.000000	0.000000	1.000000
Sample_100	0.367155	0.000000	0.632845
Sample_11	0.204021	0.000000	0.795979
Sample_12	0.207385	0.000000	0.792615
Sample_13	0.383662	0.000000	0.616338
Sample_14	0.633996	0.000000	0.366004
Sample_15	0.490982	0.000000	0.509018
Sample_16	0.447987	0.000000	0.552013
Sample_17	0.389885	0.000000	0.610115
Sample_18	0.087745	0.000000	0.912255
Sample_19	0.031515	0.000000	0.968485
Sample_2	0.337034	0.000000	0.662966
Sample_20	0.716738	0.000000	0.283262
Sample_21	0.423536	0.000000	0.576464
Sample_22	0.234801	0.000000	0.765199
Sample_23	0.233841	0.061091	0.705067
Sample_24	0.395095	0.000000	0.604905
Sample_25	0.018452	0.000000	0.981548
Sample_26	0.001956	0.000000	0.998044
Sample_27	0.439029	0.000000	0.560971
Sample_28	0.332618	0.000000	0.667382
Sample_29	0.309330	0.000000	0.690670
Sample_3	0.392650	0.000000	0.607350
Sample_30	0.390545	0.000000	0.609455
Sample_31	0.205944	0.000000	0.794056
Sample_32	0.157571	0.000000	0.842429
Sample_33	0.097772	0.000000	0.902228
Sample_34	0.344676	0.000000	0.655324
Sample_35	0.405728	0.000000	0.594272
Sample_36	0.364021	0.000000	0.635979
Sample_37	0.287535	0.000000	0.712465
Sample_38	0.354715	0.000000	0.645285
Sample_39	0.109337	0.000000	0.890663
Sample_4	0.701002	0.000000	0.298998
Sample_40	0.621548	0.000000	0.378452
Sample_41	0.208018	0.000000	0.791982
Sample_42	0.248035	0.000000	0.751965
Sample_43	0.324837	0.000000	0.675163
Sample_44	0.210006	0.000000	0.789994
Sample_45	0.239318	0.000000	0.760682
Sample_46	0.500000	0.000000	0.500000
Sample_47	0.142479	0.000000	0.857521
Sample_48	0.239032	0.000000	0.760968
Sample_49	0.153974	0.000000	0.846026
Sample_5	0.582973	0.000000	0.417027
Sample_50	0.501141	0.000000	0.498859
Sample_51	0.042290	0.000000	0.957710
Sample_52	0.069783	0.000000	0.930217
Sample_53	0.531850	0.000000	0.468150
Sample_54	0.457770	0.000000	0.542230
Sample_55	0.206432	0.000000	0.793568
Sample_56	0.425158	0.000000	0.574842
Sample_57	0.469030	0.000000	0.530970
Sample_58	0.378030	0.000000	0.621970
Sample_59	0.113506	0.158537	0.727957
Sample_6	0.235120	0.000000	0.764880
Sample_60	0.042098	0.000000	0.957902
Sample_61	0.364148	0.000000	0.635852
Sample_62	0.044441	0.000000	0.955559
Sample_63	0.785375	0.000000	0.214625
Sample_64	0.095839	0.000000	0.904161
Sample_65	0.377299	0.000000	0.622701
Sample_66	0.212548	0.000000	0.787452
Sample_67	0.540020	0.000000	0.459980
Sample_68	0.442043	0.000000	0.557957
Sample_69	0.553712	0.000000	0.446288
Sample_7	0.267718	0.000000	0.732282
Sample_70	0.746944	0.000000	0.253056
Sample_71	0.106320	0.000000	0.893680
Sample_72	0.583230	0.000000	0.416770
Sample_73	0.464798	0.000000	0.535202
Sample_74	0.011600	0.000000	0.988400
Sample_75	0.168533	0.000000	0.831467
Sample_76	0.145733	0.000000	0.854267
Sample_77	0.051718	0.000000	0.948282
Sample_78	0.505224	0.159718	0.335058
Sample_79	0.206695	0.000000	0.793305
Sample_8	0.185701	0.000000	0.814299
Sample_80	0.052582	0.000000	0.947418
Sample_81	0.642516	0.000000	0.357484
Sample_82	0.971273	0.000000	0.028727
Sample_83	0.167865	0.000000	0.832135
Sample_84	0.396169	0.000000	0.603831
Sample_85	0.214147	0.000000	0.785853
Sample_86	0.258903	0.000000	0.741097
Sample_87	0.613528	0.000000	0.386472
Sample_88	0.325111	0.000000	0.674889
Sample_89	0.490118	0.000000	0.509882
Sample_9	0.137744	0.000000	0.862256
Sample_90	0.226890	0.000000	0.773110
Sample_91	0.169499	0.000000	0.830501
Sample_92	0.152562	0.000000	0.847438
Sample_93	0.419520	0.000000	0.580480
Sample_94	0.231319	0.000000	0.768681
Sample_95	0.651733	0.000000	0.348267
Sample_96	0.360170	0.000000	0.639830
Sample_97	0.231558	0.000000	0.768442
Sample_98	0.210456	0.000000	0.789544
Sample_99	0.500000	0.000000	0.500000
