Sample	CEU	PUR	YRI
Sample_1	0.482210	0.000000	0.517790
Sample_10	0.186403	0.029020	0.784577
Sample_100	0.110568	0.000000	0.889432
Sample_11	0.410833	0.000000	0.589167
Sample_12	0.279950	0.000000	0.720050
Sample_13	0.000000	0.000000	1.000000
Sample_14	0.468193	0.124369	0.407438
Sample_15	0.246094	0.000000	0.753906
Sample_16	0.476434	0.000000	0.523566
Sample_17	0.177475	0.000000	0.822525
Sample_18	0.330463	0.000000	0.669537
Sample_19	0.373072	0.000000	0.626928
Sample_2	0.190026	0.000000	0.809974
Sample_20	0.094020	0.000000	0.905980
Sample_21	0.278626	0.000000	0.721374
Sample_22	0.247578	0.000000	0.752422
Sample_23	0.489354	0.000000	0.510646
Sample_24	0.359904	0.000000	0.640096
Sample_25	0.361560	0.000000	0.638440
Sample_26	0.195133	0.000000	0.804867
Sample_27	0.064587	0.000000	0.935413
Sample_28	0.331160	0.000000	0.668840
Sample_29	0.411294	0.000000	0.588706
Sample_3	0.164880	0.000000	0.835120
Sample_30	0.155817	0.000000	0.844183
Sample_31	0.221661	0.022663	0.755675
Sample_32	0.043714	0.000000	0.956286
Sample_33	0.646399	0.000000	0.353601
Sample_34	0.625410	0.000000	0.374590
Sample_35	0.546112	0.000000	0.453888
Sample_36	0.533523	0.000000	0.466477
Sample_37	0.376803	0.000000	0.623197
Sample_38	0.384870	0.000000	0.615130
Sample_39	0.183922	0.000000	0.816078
Sample_4	0.519952	0.000000	0.480048
Sample_40	0.352468	0.000000	0.647532
Sample_41	0.395283	0.000000	0.604717
Sample_42	0.331708	0.000000	0.668292
Sample_43	0.549533	0.000000	0.450467
Sample_44	0.111462	0.000000	0.888538
Sample_45	0.431778	0.000000	0.568222
Sample_46	0.056401	0.000000	0.943599
Sample_47	0.336129	0.000000	0.663871
Sample_48	0.340738	0.000000	0.659262
Sample_49	0.315657	0.000000	0.684343
Sample_5	0.125812	0.000000	0.874188
Sample_50	0.222557	0.000000	0.777443
Sample_51	0.105273	0.000000	0.894727
Sample_52	0.176377	0.000000	0.823623
Sample_53	0.887494	0.000000	0.112506
Sample_54	0.099150	0.000000	0.900850
Sample_55	0.266694	0.000000	0.733306
Sample_56	0.375962	0.029020	0.595018
Sample_57	0.291231	0.000000	0.708769
Sample_58	0.354589	0.000000	0.645411
Sample_59	0.389172	0.000000	0.610828
Sample_6	0.000000	0.000000	1.000000
Sample_60	0.197294	0.000000	0.802706
Sample_61	0.319684	0.000000	0.680316
Sample_62	0.204202	0.000000	0.795798
Sample_63	0.420755	0.000000	0.579245
Sample_64	0.244226	0.000000	0.755774
Sample_65	0.096954	0.000000	0.903046
Sample_66	0.046787	0.000000	0.953213
Sample_67	0.157460	0.000000	0.842540
Sample_68	0.035900	0.011886	0.952214
Sample_69	0.337984	0.000000	0.662016
Sample_7	0.828951	0.000000	0.171049
Sample_70	0.299360	0.000000	0.700640
Sample_71	0.260154	0.000000	0.739846
Sample_72	0.786588	0.000000	0.213412
Sample_73	0.493470	0.000064	0.506466
Sample_74	0.449417	0.000000	0.550583
Sample_75	0.236520	0.015849	0.747631
Sample_76	0.159670	0.000000	0.840330
Sample_77	0.458773	0.128752	0.412474
Sample_78	0.236964	0.026084	0.736951
Sample_79	0.384029	0.000000	0.615971
Sample_8	0.400574	0.000000	0.599426
Sample_80	0.075446	0.000000	0.924554
Sample_81	0.376213	0.000000	0.623787
Sample_82	0.388027	0.000000	0.611973
Sample_83	0.514225	0.000000	0.485775
Sample_84	0.036339	0.000000	0.963661
Sample_85	0.840609	0.000000	0.159391
Sample_86	0.195270	0.000000	0.804730
Sample_87	0.141220	0.000000	0.858780
Sample_88	0.353228	0.000000	0.646772
Sample_89	0.370755	0.000000	0.629245
Sample_9	0.124434	0.276302	0.599265
Sample_90	0.089483	0.000000	0.910517
Sample_91	0.169234	0.000000	0.830766
Sample_92	0.233119	0.000000	0.766881
Sample_93	0.481561	0.000000	0.518439
Sample_94	0.186228	0.048579	0.765194
Sample_95	0.093247	0.000000	0.906753
Sample_96	0.240231	0.000000	0.759769
Sample_97	0.584132	0.000000	0.415868
Sample_98	0.371091	0.000000	0.628909
Sample_99	0.463044	0.000000	0.536956
