Sample	CEU	PUR	YRI
Sample_1	0.535726	0.000000	0.464274
Sample_10	0.254348	0.000000	0.745652
Sample_100	0.050603	0.215093	0.734304
Sample_11	0.039898	0.000000	0.960102
Sample_12	0.325441	0.051369	0.623190
Sample_13	0.323834	0.000000	0.676166
Sample_14	0.625492	0.000000	0.374508
Sample_15	0.035608	0.026673	0.937718
Sample_16	0.308616	0.000000	0.691384
Sample_17	0.318297	0.000000	0.681703
Sample_18	0.094467	0.000000	0.905533
Sample_19	0.185746	0.000000	0.814254
Sample_2	0.235185	0.000000	0.764815
Sample_20	0.108220	0.302970	0.588810
Sample_21	0.322370	0.000000	0.677630
Sample_22	0.226721	0.000000	0.773279
Sample_23	0.179469	0.056362	0.764169
Sample_24	0.055638	0.000000	0.944362
Sample_25	0.566394	0.013925	0.419681
Sample_26	0.173414	0.000000	0.826586
Sample_27	0.413442	0.000000	0.586558
Sample_28	0.139259	0.000000	0.860741
Sample_29	0.403194	0.116740	0.480066
Sample_3	0.006506	0.000000	0.993494
Sample_30	0.548185	0.000000	0.451815
Sample_31	0.384939	0.000000	0.615061
Sample_32	0.400984	0.000000	0.599016
Sample_33	0.210005	0.040411	0.749584
Sample_34	0.062292	0.000000	0.937708
Sample_35	0.512093	0.000000	0.487907
Sample_36	0.348071	0.000000	0.651929
Sample_37	0.248556	0.000000	0.751444
Sample_38	0.575013	0.000000	0.424987
Sample_39	0.061768	0.000000	0.938232
Sample_4	0.381645	0.000000	0.618355
Sample_40	0.209631	0.000000	0.790369
Sample_41	0.413768	0.000000	0.586232
Sample_42	0.614217	0.000000	0.385783
Sample_43	0.089514	0.000000	0.910486
Sample_44	0.288571	0.000000	0.711429
Sample_45	0.302115	0.245078	0.452807
Sample_46	0.384288	0.000000	0.615712
Sample_47	0.674468	0.000000	0.325532
Sample_48	0.241059	0.000000	0.758941
Sample_49	0.288921	0.000000	0.711079
Sample_5	0.441458	0.000000	0.558542
Sample_50	0.107670	0.000000	0.892330
Sample_51	0.407643	0.000000	0.592357
Sample_52	0.604902	0.000000	0.395098
Sample_53	0.287429	0.000000	0.712571
Sample_54	0.420687	0.000000	0.579313
Sample_55	0.340595	0.052680	0.606726
Sample_56	0.313110	0.000000	0.686890
Sample_57	0.293631	0.000000	0.706369
Sample_58	0.208135	0.000000	0.791865
Sample_59	0.122422	0.000000	0.877578
Sample_6	0.342860	0.000000	0.657140
Sample_60	0.305166	0.000000	0.694834
Sample_61	0.467881	0.000000	0.532119
Sample_62	0.331104	0.245078	0.423818
Sample_63	0.261078	0.000000	0.738922
Sample_64	0.101130	0.000000	0.898870
Sample_65	0.132385	0.000000	0.867615
Sample_66	0.349503	0.000000	0.650497
Sample_67	0.349690	0.000000	0.650310
Sample_68	0.184528	0.000000	0.815472
Sample_69	0.136175	0.000000	0.863825
Sample_7	0.434526	0.000000	0.565474
Sample_70	0.630331	0.000000	0.369669
Sample_71	0.075402	0.000000	0.924598
Sample_72	0.227590	0.222035	0.550375
Sample_73	0.515568	0.000000	0.484432
Sample_74	0.226178	0.000000	0.773822
Sample_75	0.522966	0.000000	0.477034
Sample_76	0.383368	0.000000	0.616632
Sample_77	0.551062	0.000000	0.448938
Sample_78	0.277667	0.000000	0.722333
Sample_79	0.328333	0.000000	0.671667
Sample_8	0.627644	0.000000	0.372356
Sample_80	0.066690	0.000000	0.933310
Sample_81	0.048254	0.000000	0.951746
Sample_82	0.190292	0.000000	0.809708
Sample_83	0.248885	0.000000	0.751115
Sample_84	0.529082	0.000000	0.470918
Sample_85	0.361978	0.000000	0.638022
Sample_86	0.412237	0.000000	0.587763
Sample_87	0.154681	0.000000	0.845319
Sample_88	0.138503	0.000000	0.861497
Sample_89	0.533842	0.000000	0.466158
Sample_9	0.495304	0.000000	0.504696
Sample_90	0.569171	0.003154	0.427676
Sample_91	0.127874	0.000000	0.872126
Sample_92	0.408255	0.031043	0.560702
Sample_93	0.318402	0.000000	0.681598
Sample_94	0.345818	0.000000	0.654182
Sample_95	0.506980	0.000000	0.493020
Sample_96	0.056983	0.000000	0.943017
Sample_97	0.608900	0.000000	0.391100
Sample_98	0.266193	0.000000	0.733807
Sample_99	0.169898	0.000000	0.830102
