Sample	CEU	PUR	YRI
Sample_1	0.437935	0.000000	0.562065
Sample_10	0.552284	0.000000	0.447716
Sample_100	0.635002	0.000000	0.364998
Sample_11	0.526774	0.000000	0.473226
Sample_12	0.141496	0.000000	0.858504
Sample_13	0.544462	0.043001	0.412537
Sample_14	0.300284	0.000000	0.699716
Sample_15	0.334539	0.000000	0.665461
Sample_16	0.311498	0.000000	0.688502
Sample_17	0.484768	0.000000	0.515232
Sample_18	0.301991	0.000000	0.698009
Sample_19	0.328082	0.017683	0.654236
Sample_2	0.458562	0.000000	0.541438
Sample_20	0.200776	0.000000	0.799224
Sample_21	0.361700	0.000000	0.638300
Sample_22	0.193472	0.000000	0.806528
Sample_23	0.264968	0.064265	0.670767
Sample_24	0.295939	0.000000	0.704061
Sample_25	0.349171	0.074590	0.576239
Sample_26	0.143863	0.000000	0.856137
Sample_27	0.299388	0.000000	0.700612
Sample_28	0.419656	0.000000	0.580344
Sample_29	0.165143	0.037210	0.797647
Sample_3	0.240654	0.000000	0.759346
Sample_30	0.677797	0.056578	0.265625
Sample_31	0.103322	0.000000	0.896678
Sample_32	0.263225	0.000000	0.736775
Sample_33	0.429241	0.000000	0.570759
Sample_34	0.225252	0.000000	0.774748
Sample_35	0.368041	0.086796	0.545163
Sample_36	0.402430	0.000000	0.597570
Sample_37	0.453987	0.000000	0.546013
Sample_38	0.346875	0.000000	0.653125
Sample_39	0.225310	0.000000	0.774690
Sample_4	0.348124	0.000000	0.651876
Sample_40	0.349345	0.115429	0.535226
Sample_41	0.263608	0.023475	0.712917
Sample_42	0.410134	0.000000	0.589866
Sample_43	0.256874	0.071823	0.671303
Sample_44	0.058677	0.000000	0.941323
Sample_45	0.210523	0.000000	0.789477
Sample_46	0.114373	0.006821	0.878807
Sample_47	0.227779	0.000000	0.772221
Sample_48	0.428029	0.000000	0.571971
Sample_49	0.334013	0.000000	0.665987
Sample_5	0.188549	0.000000	0.811451
Sample_50	0.368528	0.000000	0.631472
Sample_51	0.403143	0.000000	0.596857
Sample_52	0.605386	0.016168	0.378446
Sample_53	0.307340	0.000000	0.692660
Sample_54	0.343477	0.000000	0.656523
Sample_55	0.396219	0.025663	0.578119
Sample_56	0.270278	0.000000	0.729722
Sample_57	0.229545	0.112281	0.658174
Sample_58	0.045846	0.000000	0.954154
Sample_59	0.281838	0.000000	0.718162
Sample_6	0.535679	0.000000	0.464321
Sample_60	0.434462	0.000000	0.565538
Sample_61	0.484311	0.000000	0.515689
Sample_62	0.401045	0.000000	0.598955
Sample_63	0.201307	0.017736	0.780957
Sample_64	0.141885	0.000000	0.858115
Sample_65	0.356882	0.000000	0.643118
Sample_66	0.250545	0.000000	0.749455
Sample_67	0.307218	0.000000	0.692782
Sample_68	0.525628	0.000000	0.474372
Sample_69	0.282359	0.000000	0.717641
Sample_7	0.320653	0.000000	0.679347
Sample_70	0.209295	0.000000	0.790705
Sample_71	0.281492	0.000000	0.718508
Sample_72	0.662137	0.000000	0.337863
Sample_73	0.173288	0.012919	0.813793
Sample_74	0.678010	0.000000	0.321990
Sample_75	0.261178	0.000000	0.738822
Sample_76	0.337311	0.000000	0.662689
Sample_77	0.256408	0.000000	0.743592
Sample_78	0.120044	0.000000	0.879956
Sample_79	0.549787	0.000000	0.450213
Sample_8	0.238623	0.000000	0.761377
Sample_80	0.238561	0.000000	0.761439
Sample_81	0.362477	0.000000	0.637523
Sample_82	0.445880	0.000000	0.554120
Sample_83	0.243474	0.000000	0.756526
Sample_84	0.334447	0.027819	0.637734
Sample_85	0.315007	0.000000	0.684993
Sample_86	0.300782	0.000000	0.699218
Sample_87	0.532608	0.000000	0.467392
Sample_88	0.377724	0.010251	0.612025
Sample_89	0.385879	0.000000	0.614121
Sample_9	0.233696	0.056506	0.709798
Sample_90	0.330997	0.000000	0.669003
Sample_91	0.347684	0.000000	0.652316
Sample_92	0.526126	0.037193	0.436681
Sample_93	0.243178	0.000000	0.756822
Sample_94	0.480428	0.000000	0.519572
Sample_95	0.320573	0.129688	0.549739
Sample_96	0.268269	0.000000	0.731731
Sample_97	0.533884	0.000000	0.466116
Sample_98	0.343031	0.000000	0.656969
Sample_99	0.268311	0.000000	0.731689
