Sample	CEU	PUR	YRI
Sample_1	0.137617	0.000000	0.862383
Sample_10	0.224005	0.000000	0.775995
Sample_100	0.224435	0.000000	0.775565
Sample_11	0.426770	0.000000	0.573230
Sample_12	0.496357	0.000000	0.503643
Sample_13	0.542214	0.000000	0.457786
Sample_14	0.306299	0.000000	0.693701
Sample_15	0.350581	0.000000	0.649419
Sample_16	0.294629	0.000000	0.705371
Sample_17	0.387235	0.000000	0.612765
Sample_18	0.345332	0.000000	0.654668
Sample_19	0.308429	0.000000	0.691571
Sample_2	0.536979	0.000000	0.463021
Sample_20	0.239473	0.000000	0.760527
Sample_21	0.277252	0.000000	0.722748
Sample_22	0.155419	0.000000	0.844581
Sample_23	0.230658	0.000000	0.769342
Sample_24	0.364401	0.000000	0.635599
Sample_25	0.507492	0.000000	0.492508
Sample_26	0.248822	0.000000	0.751178
Sample_27	0.363510	0.000000	0.636490
Sample_28	0.449095	0.000000	0.550905
Sample_29	0.253975	0.000000	0.746025
Sample_3	0.349413	0.000000	0.650587
Sample_30	0.348639	0.000000	0.651361
Sample_31	0.087501	0.000000	0.912499
Sample_32	0.404665	0.019917	0.575418
Sample_33	0.150462	0.006840	0.842698
Sample_34	0.159938	0.000000	0.840062
Sample_35	0.504765	0.000000	0.495235
Sample_36	0.618150	0.000000	0.381850
Sample_37	0.143196	0.066330	0.790474
Sample_38	0.494374	0.000000	0.505626
Sample_39	0.047429	0.000000	0.952571
Sample_4	0.374980	0.000000	0.625020
Sample_40	0.201594	0.000000	0.798406
Sample_41	0.085070	0.000000	0.914930
Sample_42	0.218942	0.000000	0.781058
Sample_43	0.375821	0.000000	0.624179
Sample_44	0.332902	0.000000	0.667098
Sample_45	0.052157	0.000000	0.947843
Sample_46	0.327749	0.000000	0.672251
Sample_47	0.519228	0.000000	0.480772
Sample_48	0.659405	0.000000	0.340595
Sample_49	0.213413	0.000000	0.786587
Sample_5	0.371182	0.000000	0.628818
Sample_50	0.504647	0.000000	0.495353
Sample_51	0.259307	0.000000	0.740693
Sample_52	0.266171	0.000000	0.733829
Sample_53	0.267894	0.000000	0.732106
Sample_54	0.290659	0.000000	0.709341
Sample_55	0.017478	0.000000	0.982522
Sample_56	0.342537	0.000000	0.657463
Sample_57	0.121717	0.000000	0.878283
Sample_58	0.273167	0.000812	0.726021
Sample_59	0.354933	0.000000	0.645067
Sample_6	0.462550	0.000000	0.537450
Sample_60	0.447662	0.000000	0.552338
Sample_61	0.365761	0.000000	0.634239
Sample_62	0.222020	0.000000	0.777980
Sample_63	0.202045	0.000000	0.797955
Sample_64	0.473756	0.000000	0.526244
Sample_65	0.652776	0.000000	0.347224
Sample_66	0.250630	0.154066	0.595304
Sample_67	0.290138	0.000000	0.709862
Sample_68	0.242889	0.000000	0.757111
Sample_69	0.243293	0.000000	0.756707
Sample_7	0.362520	0.000000	0.637480
Sample_70	0.307072	0.000000	0.692928
Sample_71	0.320190	0.000000	0.679810
Sample_72	0.306486	0.000000	0.693514
Sample_73	0.433590	0.000000	0.566410
Sample_74	0.291238	0.000000	0.708762
Sample_75	0.502055	0.000000	0.497945
Sample_76	0.445899	0.000000	0.554101
Sample_77	0.493580	0.000000	0.506420
Sample_78	0.653753	0.000000	0.346247
Sample_79	0.360621	0.000000	0.639379
Sample_8	0.177424	0.000000	0.822576
Sample_80	0.177753	0.000000	0.822247
Sample_81	0.458283	0.000000	0.541717
Sample_82	0.489099	0.000000	0.510901
Sample_83	0.498181	0.000000	0.501819
Sample_84	0.247657	0.000000	0.752343
Sample_85	0.572398	0.000000	0.427602
Sample_86	0.271043	0.000000	0.728957
Sample_87	0.463044	0.079344	0.457612
Sample_88	0.389743	0.000000	0.610257
Sample_89	0.385491	0.000000	0.614509
Sample_9	0.593482	0.000000	0.406518
Sample_90	0.269925	0.000000	0.730075
Sample_91	0.197396	0.000000	0.802604
Sample_92	0.679054	0.000000	0.320946
Sample_93	0.211432	0.000000	0.788568
Sample_94	0.457347	0.000000	0.542653
Sample_95	0.291797	0.000000	0.708203
Sample_96	0.252827	0.000000	0.747173
Sample_97	0.066984	0.031826	0.901190
Sample_98	0.495801	0.000000	0.504199
Sample_99	0.393791	0.000000	0.606209
