Sample	CEU	PUR	YRI
Sample_1	0.343671	0.000000	0.656329
Sample_10	0.212005	0.000000	0.787995
Sample_100	0.099553	0.000000	0.900447
Sample_11	0.179433	0.002798	0.817769
Sample_12	0.546333	0.000000	0.453667
Sample_13	0.338308	0.000000	0.661692
Sample_14	0.157343	0.000000	0.842657
Sample_15	0.527196	0.000000	0.472804
Sample_16	0.562548	0.000000	0.437452
Sample_17	0.334782	0.069203	0.596015
Sample_18	0.158591	0.000000	0.841409
Sample_19	0.613642	0.000000	0.386358
Sample_2	0.029382	0.000000	0.970618
Sample_20	0.334275	0.000000	0.665725
Sample_21	0.271745	0.000000	0.728255
Sample_22	0.159309	0.000000	0.840691
Sample_23	0.302257	0.000000	0.697743
Sample_24	0.079884	0.063331	0.856785
Sample_25	0.388953	0.000000	0.611047
Sample_26	0.306431	0.000000	0.693569
Sample_27	0.000743	0.000000	0.999257
Sample_28	0.566223	0.000000	0.433777
Sample_29	0.096195	0.000000	0.903805
Sample_3	0.239886	0.000000	0.760114
Sample_30	0.006056	0.009222	0.984722
Sample_31	0.664042	0.000000	0.335958
Sample_32	0.383373	0.097023	0.519605
Sample_33	0.143613	0.000000	0.856387
Sample_34	0.700285	0.000000	0.299715
Sample_35	0.271759	0.010533	0.717708
Sample_36	0.820470	0.000000	0.179530
Sample_37	0.555996	0.000000	0.444004
Sample_38	0.283483	0.000000	0.716517
Sample_39	0.187031	0.000000	0.812969
Sample_4	0.276809	0.000000	0.723191
Sample_40	0.036778	0.000000	0.963222
Sample_41	0.272903	0.000000	0.727097
Sample_42	0.474889	0.000000	0.525111
Sample_43	0.000000	0.000000	1.000000
Sample_44	0.112849	0.000000	0.887151
Sample_45	0.043429	0.198339	0.758232
Sample_46	0.557859	0.061394	0.380747
Sample_47	0.436365	0.009681	0.553954
Sample_48	0.512416	0.000000	0.487584
Sample_49	0.329986	0.000000	0.670014
Sample_5	0.242226	0.000000	0.757774
Sample_50	0.324755	0.102995	0.572249
Sample_51	0.211155	0.000000	0.788845
Sample_52	0.253245	0.000000	0.746755
Sample_53	0.510658	0.000000	0.489342
Sample_54	0.480055	0.000000	0.519945
Sample_55	0.487660	0.000000	0.512340
Sample_56	0.439001	0.020900	0.540099
Sample_57	0.309942	0.000000	0.690058
Sample_58	0.473117	0.000000	0.526883
Sample_59	0.122712	0.000000	0.877288
Sample_6	0.513565	0.000000	0.486435
Sample_60	0.229008	0.000000	0.770992
Sample_61	0.207387	0.061196	0.731417
Sample_62	0.292197	0.000000	0.707803
Sample_63	0.159911	0.000000	0.840089
Sample_64	0.227150	0.000000	0.772850
Sample_65	0.552854	0.000000	0.447146
Sample_66	0.266521	0.000000	0.733479
Sample_67	0.741081	0.000000	0.258919
Sample_68	0.254255	0.000000	0.745745
Sample_69	0.282094	0.000000	0.717906
Sample_7	0.000000	0.000000	1.000000
Sample_70	0.116972	0.000000	0.883028
Sample_71	0.563953	0.000000	0.436047
Sample_72	0.766972	0.000000	0.233028
Sample_73	0.215840	0.000000	0.784160
Sample_74	0.076046	0.000000	0.923954
Sample_75	0.308274	0.042468	0.649258
Sample_76	0.573791	0.000000	0.426209
Sample_77	0.202138	0.000000	0.797862
Sample_78	0.348911	0.000000	0.651089
Sample_79	0.420382	0.000000	0.579618
Sample_8	0.693469	0.000000	0.306531
Sample_80	0.095041	0.000000	0.904959
Sample_81	0.681173	0.000000	0.318827
Sample_82	0.283330	0.000000	0.716670
Sample_83	0.427587	0.000000	0.572413
Sample_84	0.351156	0.030459	0.618385
Sample_85	0.134882	0.000000	0.865118
Sample_86	0.065876	0.000000	0.934124
Sample_87	0.129026	0.000000	0.870974
Sample_88	0.405095	0.000000	0.594905
Sample_89	0.394845	0.000000	0.605155
Sample_9	0.481141	0.000000	0.518859
Sample_90	0.240651	0.000000	0.759349
Sample_91	0.368302	0.000000	0.631698
Sample_92	0.123811	0.000000	0.876189
Sample_93	0.347526	0.000000	0.652474
Sample_94	0.366025	0.000000	0.633975
Sample_95	0.401273	0.061394	0.537333
Sample_96	0.453584	0.000000	0.546416
Sample_97	0.243376	0.000000	0.756624
Sample_98	0.520873	0.000000	0.479127
Sample_99	0.094570	0.405490	0.499939
