Sample	CEU	PUR	YRI
Sample_1	0.027348	0.000000	0.972652
Sample_10	0.113078	0.000000	0.886922
Sample_100	0.259277	0.000000	0.740723
Sample_11	0.000000	0.000000	1.000000
Sample_12	0.228578	0.000000	0.771422
Sample_13	0.468700	0.000000	0.531300
Sample_14	0.261121	0.000000	0.738879
Sample_15	0.591493	0.000000	0.408507
Sample_16	0.354558	0.190958	0.454484
Sample_17	0.482633	0.000000	0.517367
Sample_18	0.290007	0.000000	0.709993
Sample_19	0.182138	0.000000	0.817862
Sample_2	0.229521	0.000000	0.770479
Sample_20	0.531051	0.000000	0.468949
Sample_21	0.403319	0.000000	0.596681
Sample_22	0.153755	0.000000	0.846245
Sample_23	0.085437	0.025103	0.889460
Sample_24	0.300464	0.000000	0.699536
Sample_25	0.343174	0.000000	0.656826
Sample_26	0.155132	0.000000	0.844868
Sample_27	0.143098	0.000000	0.856902
Sample_28	0.165120	0.000000	0.834880
Sample_29	0.194835	0.000000	0.805165
Sample_3	0.200195	0.000000	0.799805
Sample_30	0.114913	0.000000	0.885087
Sample_31	0.642789	0.000000	0.357211
Sample_32	0.030279	0.000000	0.969721
Sample_33	0.357456	0.000000	0.642544
Sample_34	0.381501	0.000000	0.618499
Sample_35	0.334457	0.036400	0.629143
Sample_36	0.550260	0.000000	0.449740
Sample_37	0.361779	0.000000	0.638221
Sample_38	0.435929	0.000000	0.564071
Sample_39	0.467430	0.000000	0.532570
Sample_4	0.199511	0.000000	0.800489
Sample_40	0.329571	0.000000	0.670429
Sample_41	0.384160	0.000000	0.615840
Sample_42	0.100391	0.000000	0.899609
Sample_43	0.385006	0.000000	0.614994
Sample_44	0.347439	0.000000	0.652561
Sample_45	0.553312	0.000000	0.446688
Sample_46	0.139317	0.000000	0.860683
Sample_47	0.051615	0.000000	0.948385
Sample_48	0.222269	0.052221	0.725510
Sample_49	0.242645	0.000000	0.757355
Sample_5	0.011468	0.009846	0.978686
Sample_50	0.400383	0.000000	0.599617
Sample_51	0.107123	0.000000	0.892877
Sample_52	0.112798	0.000000	0.887202
Sample_53	0.499364	0.000000	0.500636
Sample_54	0.510538	0.000000	0.489462
Sample_55	0.156375	0.000000	0.843625
Sample_56	0.494087	0.000000	0.505913
Sample_57	0.335483	0.009559	0.654959
Sample_58	0.361353	0.000000	0.638647
Sample_59	0.191389	0.000000	0.808611
Sample_6	0.065973	0.000000	0.934027
Sample_60	0.272963	0.000000	0.727037
Sample_61	0.314321	0.000000	0.685679
Sample_62	0.149506	0.000000	0.850494
Sample_63	0.232143	0.000000	0.767857
Sample_64	0.375199	0.000000	0.624801
Sample_65	0.181734	0.000000	0.818266
Sample_66	0.440681	0.000000	0.559319
Sample_67	0.286412	0.000000	0.713588
Sample_68	0.177144	0.000000	0.822856
Sample_69	0.032582	0.000000	0.967418
Sample_7	0.294378	0.000000	0.705622
Sample_70	0.448106	0.000000	0.551894
Sample_71	0.595939	0.000000	0.404061
Sample_72	0.058883	0.000000	0.941117
Sample_73	0.476817	0.000000	0.523183
Sample_74	0.296951	0.000000	0.703049
Sample_75	0.104527	0.000000	0.895473
Sample_76	0.522282	0.000000	0.477718
Sample_77	0.485222	0.000000	0.514778
Sample_78	0.269608	0.000000	0.730392
Sample_79	0.501169	0.000000	0.498831
Sample_8	0.006695	0.000000	0.993305
Sample_80	0.192075	0.000000	0.807925
Sample_81	0.148609	0.000000	0.851391
Sample_82	0.346138	0.000000	0.653862
Sample_83	0.471278	0.000000	0.528722
Sample_84	0.050594	0.000000	0.949406
Sample_85	0.383915	0.000000	0.616085
Sample_86	0.059744	0.000000	0.940256
Sample_87	0.392214	0.000000	0.607786
Sample_88	0.103677	0.000000	0.896323
Sample_89	0.513500	0.000000	0.486500
Sample_9	0.836451	0.000000	0.163549
Sample_90	0.484888	0.000000	0.515112
Sample_91	0.342564	0.000000	0.657436
Sample_92	0.086415	0.000000	0.913585
Sample_93	0.154931	0.000000	0.845069
Sample_94	0.524125	0.000000	0.475875
Sample_95	0.467370	0.000000	0.532630
Sample_96	0.275704	0.000000	0.724296
Sample_97	0.270020	0.000000	0.729980
Sample_98	0.037937	0.000000	0.962063
Sample_99	0.146195	0.000000	0.853805
