Sample	CEU	PUR	YRI
Sample_1	0.168024	0.000000	0.831976
Sample_10	0.597913	0.000000	0.402087
Sample_100	0.284150	0.000000	0.715850
Sample_11	0.517974	0.000000	0.482026
Sample_12	0.476665	0.000000	0.523335
Sample_13	0.628456	0.000000	0.371544
Sample_14	0.156966	0.000000	0.843034
Sample_15	0.129797	0.000000	0.870203
Sample_16	0.790307	0.000000	0.209693
Sample_17	0.414314	0.000000	0.585686
Sample_18	0.356424	0.000000	0.643576
Sample_19	0.588885	0.000000	0.411115
Sample_2	0.390408	0.000000	0.609592
Sample_20	0.519118	0.000000	0.480882
Sample_21	0.658608	0.000000	0.341392
Sample_22	0.176839	0.000000	0.823161
Sample_23	0.485358	0.000000	0.514642
Sample_24	0.303323	0.000000	0.696677
Sample_25	0.480338	0.024315	0.495347
Sample_26	0.020554	0.000000	0.979446
Sample_27	0.340495	0.000000	0.659505
Sample_28	0.631898	0.000000	0.368102
Sample_29	0.191020	0.000000	0.808980
Sample_3	0.363551	0.000000	0.636449
Sample_30	0.146971	0.000000	0.853029
Sample_31	0.463803	0.000000	0.536197
Sample_32	0.373725	0.000000	0.626275
Sample_33	0.416014	0.000000	0.583986
Sample_34	0.534488	0.000000	0.465512
Sample_35	0.364038	0.004791	0.631171
Sample_36	0.361757	0.000000	0.638243
Sample_37	0.252042	0.000000	0.747958
Sample_38	0.110411	0.000000	0.889589
Sample_39	0.104190	0.000000	0.895810
Sample_4	0.555010	0.000000	0.444990
Sample_40	0.449021	0.000000	0.550979
Sample_41	0.216072	0.000000	0.783928
Sample_42	0.335517	0.000000	0.664483
Sample_43	0.355754	0.000000	0.644246
Sample_44	0.333136	0.060602	0.606262
Sample_45	0.423680	0.037368	0.538952
Sample_46	0.654462	0.000000	0.345538
Sample_47	0.468330	0.000000	0.531670
Sample_48	0.738024	0.000000	0.261976
Sample_49	0.465110	0.010638	0.524252
Sample_5	0.411665	0.000000	0.588335
Sample_50	0.270587	0.000000	0.729413
Sample_51	0.193973	0.000000	0.806027
Sample_52	0.207636	0.000000	0.792364
Sample_53	0.593303	0.000000	0.406697
Sample_54	0.230586	0.000270	0.769144
Sample_55	0.267638	0.000000	0.732362
Sample_56	0.159334	0.000000	0.840666
Sample_57	0.424675	0.000000	0.575325
Sample_58	0.103124	0.010636	0.886239
Sample_59	0.130304	0.000000	0.869696
Sample_6	0.349048	0.000000	0.650952
Sample_60	0.247943	0.000000	0.752057
Sample_61	0.291522	0.113159	0.595319
Sample_62	0.562149	0.046182	0.391669
Sample_63	0.106709	0.000000	0.893291
Sample_64	0.534687	0.084714	0.380599
Sample_65	0.344958	0.000000	0.655042
Sample_66	0.724518	0.055718	0.219764
Sample_67	0.307034	0.000000	0.692966
Sample_68	0.032299	0.000000	0.967701
Sample_69	0.298709	0.000000	0.701291
Sample_7	0.344035	0.000000	0.655965
Sample_70	0.434550	0.000000	0.565450
Sample_71	0.400072	0.283743	0.316185
Sample_72	0.647981	0.148223	0.203796
Sample_73	0.406354	0.085652	0.507994
Sample_74	0.504569	0.000000	0.495431
Sample_75	0.550839	0.011150	0.438011
Sample_76	0.485466	0.000000	0.514534
Sample_77	0.626431	0.000000	0.373569
Sample_78	0.247983	0.000000	0.752017
Sample_79	0.552771	0.010544	0.436685
Sample_8	0.529179	0.000000	0.470821
Sample_80	0.208229	0.000000	0.791771
Sample_81	0.188272	0.109075	0.702653
Sample_82	0.310784	0.061389	0.627827
Sample_83	0.317309	0.000000	0.682691
Sample_84	0.378766	0.000000	0.621234
Sample_85	0.653460	0.000000	0.346540
Sample_86	0.506524	0.000000	0.493476
Sample_87	0.216849	0.000000	0.783151
Sample_88	0.301394	0.011396	0.687210
Sample_89	0.173782	0.000000	0.826218
Sample_9	0.506252	0.000000	0.493748
Sample_90	0.254371	0.195890	0.549739
Sample_91	0.356880	0.000000	0.643120
Sample_92	0.332030	0.000000	0.667970
Sample_93	0.204690	0.000000	0.795310
Sample_94	0.341522	0.000000	0.658478
Sample_95	0.247488	0.000000	0.752512
Sample_96	0.336544	0.000000	0.663456
Sample_97	0.044826	0.000000	0.955174
Sample_98	0.326339	0.000000	0.673661
Sample_99	0.564582	0.000000	0.435418
