Sample	CEU	PUR	YRI
Sample_1	0.535726	0.000000	0.464274
Sample_10	0.254347	0.000000	0.745653
Sample_100	0.050603	0.215094	0.734303
Sample_11	0.039897	0.000000	0.960103
Sample_12	0.325442	0.051368	0.623191
Sample_13	0.323833	0.000000	0.676167
Sample_14	0.625494	0.000000	0.374506
Sample_15	0.035607	0.026673	0.937719
Sample_16	0.308616	0.000000	0.691384
Sample_17	0.318297	0.000000	0.681703
Sample_18	0.094467	0.000000	0.905533
Sample_19	0.185747	0.000000	0.814253
Sample_2	0.235184	0.000000	0.764816
Sample_20	0.108221	0.302971	0.588809
Sample_21	0.322370	0.000000	0.677630
Sample_22	0.226720	0.000000	0.773280
Sample_23	0.179468	0.056361	0.764171
Sample_24	0.055639	0.000000	0.944361
Sample_25	0.566394	0.013925	0.419681
Sample_26	0.173415	0.000000	0.826585
Sample_27	0.413443	0.000000	0.586557
Sample_28	0.139259	0.000000	0.860741
Sample_29	0.403194	0.116740	0.480066
Sample_3	0.006506	0.000000	0.993494
Sample_30	0.548185	0.000000	0.451815
Sample_31	0.384940	0.000000	0.615060
Sample_32	0.400984	0.000000	0.599016
Sample_33	0.210004	0.040411	0.749585
Sample_34	0.062291	0.000000	0.937709
Sample_35	0.512092	0.000000	0.487908
Sample_36	0.348072	0.000000	0.651928
Sample_37	0.248557	0.000000	0.751443
Sample_38	0.575014	0.000000	0.424986
Sample_39	0.061767	0.000000	0.938233
Sample_4	0.381645	0.000000	0.618355
Sample_40	0.209630	0.000000	0.790370
Sample_41	0.413769	0.000000	0.586231
Sample_42	0.614219	0.000000	0.385781
Sample_43	0.089514	0.000000	0.910486
Sample_44	0.288569	0.000000	0.711431
Sample_45	0.302116	0.245079	0.452805
Sample_46	0.384287	0.000000	0.615713
Sample_47	0.674470	0.000000	0.325530
Sample_48	0.241059	0.000000	0.758941
Sample_49	0.288922	0.000000	0.711078
Sample_5	0.441459	0.000000	0.558541
Sample_50	0.107671	0.000000	0.892329
Sample_51	0.407644	0.000000	0.592356
Sample_52	0.604903	0.000000	0.395097
Sample_53	0.287430	0.000000	0.712570
Sample_54	0.420687	0.000000	0.579313
Sample_55	0.340596	0.052680	0.606725
Sample_56	0.313109	0.000000	0.686891
Sample_57	0.293631	0.000000	0.706369
Sample_58	0.208134	0.000000	0.791866
Sample_59	0.122423	0.000000	0.877577
Sample_6	0.342861	0.000000	0.657139
Sample_60	0.305166	0.000000	0.694834
Sample_61	0.467881	0.000000	0.532119
Sample_62	0.331104	0.245079	0.423818
Sample_63	0.261077	0.000000	0.738923
Sample_64	0.101129	0.000000	0.898871
Sample_65	0.132386	0.000000	0.867614
Sample_66	0.349504	0.000000	0.650496
Sample_67	0.349690	0.000000	0.650310
Sample_68	0.184527	0.000000	0.815473
Sample_69	0.136176	0.000000	0.863824
Sample_7	0.434526	0.000000	0.565474
Sample_70	0.630331	0.000000	0.369669
Sample_71	0.075402	0.000000	0.924598
Sample_72	0.227590	0.222036	0.550374
Sample_73	0.515569	0.000000	0.484431
Sample_74	0.226177	0.000000	0.773823
Sample_75	0.522966	0.000000	0.477034
Sample_76	0.383369	0.000000	0.616631
Sample_77	0.551063	0.000000	0.448937
Sample_78	0.277666	0.000000	0.722334
Sample_79	0.328333	0.000000	0.671667
Sample_8	0.627644	0.000000	0.372356
Sample_80	0.066689	0.000000	0.933311
Sample_81	0.048254	0.000000	0.951746
Sample_82	0.190292	0.000000	0.809708
Sample_83	0.248885	0.000000	0.751115
Sample_84	0.529083	0.000000	0.470917
Sample_85	0.361979	0.000000	0.638021
Sample_86	0.412238	0.000000	0.587762
Sample_87	0.154681	0.000000	0.845319
Sample_88	0.138502	0.000000	0.861498
Sample_89	0.533841	0.000000	0.466159
Sample_9	0.495305	0.000000	0.504695
Sample_90	0.569171	0.003154	0.427676
Sample_91	0.127874	0.000000	0.872126
Sample_92	0.408256	0.031041	0.560702
Sample_93	0.318401	0.000000	0.681599
Sample_94	0.345817	0.000000	0.654183
Sample_95	0.506981	0.000000	0.493019
Sample_96	0.056982	0.000000	0.943018
Sample_97	0.608901	0.000000	0.391099
Sample_98	0.266194	0.000000	0.733806
Sample_99	0.169897	0.000000	0.830103
