Sample	CEU	PUR	YRI
Sample_1	0.341382	0.000000	0.658618
Sample_10	0.545232	0.000000	0.454768
Sample_100	0.329360	0.000000	0.670640
Sample_11	0.263764	0.085284	0.650952
Sample_12	0.178190	0.000000	0.821810
Sample_13	0.436034	0.019053	0.544914
Sample_14	0.397360	0.000000	0.602640
Sample_15	0.181107	0.000000	0.818893
Sample_16	0.403548	0.000000	0.596452
Sample_17	0.306762	0.000000	0.693238
Sample_18	0.465667	0.026125	0.508207
Sample_19	0.005630	0.000000	0.994370
Sample_2	0.415707	0.000000	0.584293
Sample_20	0.414651	0.000000	0.585349
Sample_21	0.293514	0.000084	0.706402
Sample_22	0.175735	0.067611	0.756654
Sample_23	0.496302	0.000000	0.503698
Sample_24	0.534808	0.000000	0.465192
Sample_25	0.386668	0.000000	0.613332
Sample_26	0.309512	0.000000	0.690488
Sample_27	0.287287	0.000000	0.712713
Sample_28	0.603212	0.000000	0.396788
Sample_29	0.206861	0.000000	0.793139
Sample_3	0.605378	0.000000	0.394622
Sample_30	0.318788	0.000000	0.681212
Sample_31	0.551057	0.000000	0.448943
Sample_32	0.373768	0.000000	0.626232
Sample_33	0.266931	0.000000	0.733069
Sample_34	0.501326	0.000000	0.498674
Sample_35	0.424934	0.000000	0.575066
Sample_36	0.287219	0.000000	0.712781
Sample_37	0.462347	0.000000	0.537653
Sample_38	0.442372	0.000000	0.557628
Sample_39	0.417571	0.000000	0.582429
Sample_4	0.605107	0.000000	0.394893
Sample_40	0.364785	0.000000	0.635215
Sample_41	0.376109	0.000000	0.623891
Sample_42	0.574499	0.031825	0.393676
Sample_43	0.081305	0.000000	0.918695
Sample_44	0.733689	0.000000	0.266311
Sample_45	0.278393	0.000000	0.721607
Sample_46	0.726682	0.051200	0.222118
Sample_47	0.449946	0.000000	0.550054
Sample_48	0.397891	0.000000	0.602109
Sample_49	0.647147	0.000000	0.352853
Sample_5	0.463741	0.000000	0.536259
Sample_50	0.398812	0.000000	0.601188
Sample_51	0.301193	0.000000	0.698807
Sample_52	0.465566	0.000000	0.534434
Sample_53	0.172786	0.019962	0.807252
Sample_54	0.470672	0.000000	0.529328
Sample_55	0.225649	0.000000	0.774351
Sample_56	0.320717	0.000000	0.679283
Sample_57	0.215733	0.000000	0.784267
Sample_58	0.268798	0.000000	0.731202
Sample_59	0.528027	0.000000	0.471973
Sample_6	0.350501	0.000000	0.649499
Sample_60	0.240142	0.000000	0.759858
Sample_61	0.222758	0.000000	0.777242
Sample_62	0.663018	0.000000	0.336982
Sample_63	0.450121	0.045219	0.504660
Sample_64	0.515423	0.000000	0.484577
Sample_65	0.191879	0.000000	0.808121
Sample_66	0.422870	0.000000	0.577130
Sample_67	0.566113	0.000000	0.433887
Sample_68	0.371944	0.023554	0.604502
Sample_69	0.268148	0.000000	0.731852
Sample_7	0.006109	0.007866	0.986026
Sample_70	0.472012	0.000000	0.527988
Sample_71	0.416071	0.000000	0.583929
Sample_72	0.247713	0.000000	0.752287
Sample_73	0.076805	0.000000	0.923195
Sample_74	0.533940	0.000000	0.466060
Sample_75	0.275658	0.000000	0.724342
Sample_76	0.144900	0.000000	0.855100
Sample_77	0.572076	0.000000	0.427924
Sample_78	0.052927	0.025978	0.921094
Sample_79	0.257724	0.000000	0.742276
Sample_8	0.435507	0.000000	0.564493
Sample_80	0.353725	0.014690	0.631585
Sample_81	0.380388	0.000000	0.619612
Sample_82	0.612771	0.000000	0.387229
Sample_83	0.582126	0.000000	0.417874
Sample_84	0.368977	0.000000	0.631023
Sample_85	0.215391	0.000000	0.784609
Sample_86	0.275649	0.000000	0.724351
Sample_87	0.426251	0.000000	0.573749
Sample_88	0.208244	0.000000	0.791756
Sample_89	0.299862	0.000000	0.700138
Sample_9	0.193162	0.000000	0.806838
Sample_90	0.777933	0.000000	0.222067
Sample_91	0.576679	0.000000	0.423321
Sample_92	0.118479	0.000000	0.881521
Sample_93	0.383581	0.013948	0.602472
Sample_94	0.215381	0.010878	0.773741
Sample_95	0.225770	0.000000	0.774230
Sample_96	0.608995	0.000000	0.391005
Sample_97	0.084599	0.000000	0.915401
Sample_98	0.442967	0.000000	0.557033
Sample_99	0.148272	0.000000	0.851728
