Sample	CEU	PUR	YRI
Sample_1	0.441416	0.000000	0.558584
Sample_10	0.300492	0.000000	0.699508
Sample_100	0.602306	0.000000	0.397694
Sample_11	0.470800	0.000000	0.529200
Sample_12	0.596373	0.000000	0.403627
Sample_13	0.293805	0.000000	0.706195
Sample_14	0.410314	0.000000	0.589686
Sample_15	0.490698	0.000000	0.509302
Sample_16	0.341778	0.000000	0.658222
Sample_17	0.057139	0.140699	0.802162
Sample_18	0.290843	0.000000	0.709157
Sample_19	0.383515	0.000000	0.616485
Sample_2	0.114024	0.000000	0.885976
Sample_20	0.673946	0.000000	0.326054
Sample_21	0.562766	0.000000	0.437234
Sample_22	0.070683	0.000000	0.929317
Sample_23	0.079166	0.000000	0.920834
Sample_24	0.107750	0.020169	0.872080
Sample_25	0.130699	0.000000	0.869301
Sample_26	0.649241	0.000000	0.350759
Sample_27	0.355623	0.000000	0.644377
Sample_28	0.214157	0.000000	0.785843
Sample_29	0.276766	0.000000	0.723234
Sample_3	0.240229	0.000000	0.759771
Sample_30	0.271316	0.000000	0.728684
Sample_31	0.304272	0.000000	0.695728
Sample_32	0.141843	0.000000	0.858157
Sample_33	0.653450	0.000000	0.346550
Sample_34	0.148915	0.000000	0.851085
Sample_35	0.512956	0.000000	0.487044
Sample_36	0.325874	0.000000	0.674126
Sample_37	0.498075	0.000000	0.501925
Sample_38	0.243946	0.000000	0.756054
Sample_39	0.221778	0.000000	0.778222
Sample_4	0.556130	0.000000	0.443870
Sample_40	0.305073	0.000000	0.694927
Sample_41	0.459422	0.000000	0.540578
Sample_42	0.261526	0.000000	0.738474
Sample_43	0.289537	0.000000	0.710463
Sample_44	0.327998	0.000000	0.672002
Sample_45	0.636637	0.000000	0.363363
Sample_46	0.564951	0.000000	0.435049
Sample_47	0.599925	0.000000	0.400075
Sample_48	0.455851	0.000000	0.544149
Sample_49	0.118323	0.000000	0.881677
Sample_5	0.447728	0.000000	0.552272
Sample_50	0.414596	0.000000	0.585404
Sample_51	0.412720	0.000000	0.587280
Sample_52	0.269014	0.000000	0.730986
Sample_53	0.360088	0.000000	0.639912
Sample_54	0.642292	0.000000	0.357708
Sample_55	0.453979	0.203349	0.342673
Sample_56	0.162991	0.000000	0.837009
Sample_57	0.025800	0.026314	0.947886
Sample_58	0.305667	0.000000	0.694333
Sample_59	0.500000	0.000000	0.500000
Sample_6	0.583105	0.000000	0.416895
Sample_60	0.407188	0.000000	0.592812
Sample_61	0.185775	0.000000	0.814225
Sample_62	0.257231	0.000000	0.742769
Sample_63	0.569857	0.000000	0.430143
Sample_64	0.124065	0.000000	0.875935
Sample_65	0.440247	0.016268	0.543485
Sample_66	0.368438	0.000000	0.631562
Sample_67	0.639857	0.000000	0.360143
Sample_68	0.109720	0.105140	0.785140
Sample_69	0.191810	0.000000	0.808190
Sample_7	0.506874	0.000000	0.493126
Sample_70	0.708477	0.000000	0.291523
Sample_71	0.147940	0.000000	0.852060
Sample_72	0.310168	0.000000	0.689832
Sample_73	0.417210	0.000000	0.582790
Sample_74	0.297389	0.012262	0.690349
Sample_75	0.355868	0.000000	0.644132
Sample_76	0.527091	0.000000	0.472909
Sample_77	0.624011	0.000000	0.375989
Sample_78	0.326696	0.000000	0.673304
Sample_79	0.062543	0.005859	0.931598
Sample_8	0.316333	0.000000	0.683667
Sample_80	0.085869	0.000000	0.914131
Sample_81	0.239782	0.000000	0.760218
Sample_82	0.597092	0.000000	0.402908
Sample_83	0.226280	0.000000	0.773720
Sample_84	0.271047	0.000000	0.728953
Sample_85	0.571995	0.000000	0.428005
Sample_86	0.292371	0.000000	0.707629
Sample_87	0.542464	0.000000	0.457536
Sample_88	0.459234	0.000000	0.540766
Sample_89	0.000000	0.000000	1.000000
Sample_9	0.272630	0.000000	0.727370
Sample_90	0.176870	0.000000	0.823130
Sample_91	0.169758	0.091029	0.739213
Sample_92	0.467006	0.055026	0.477968
Sample_93	0.250662	0.000000	0.749338
Sample_94	0.340386	0.000000	0.659614
Sample_95	0.375358	0.000000	0.624642
Sample_96	0.317082	0.000000	0.682918
Sample_97	0.138859	0.000000	0.861141
Sample_98	0.619771	0.000000	0.380229
Sample_99	0.228836	0.000000	0.771164
