Sample	CEU	PUR	YRI
Sample_1	0.491377	0.000000	0.508623
Sample_10	0.302680	0.000000	0.697320
Sample_100	0.192180	0.165265	0.642554
Sample_11	0.395638	0.000000	0.604362
Sample_12	0.313698	0.000000	0.686302
Sample_13	0.476041	0.000000	0.523959
Sample_14	0.430864	0.000000	0.569136
Sample_15	0.314202	0.000000	0.685798
Sample_16	0.191785	0.000000	0.808215
Sample_17	0.398713	0.000000	0.601287
Sample_18	0.486982	0.000000	0.513018
Sample_19	0.317388	0.000000	0.682612
Sample_2	0.447114	0.000000	0.552886
Sample_20	0.232807	0.000000	0.767193
Sample_21	0.293881	0.000000	0.706119
Sample_22	0.370740	0.000000	0.629260
Sample_23	0.329108	0.000000	0.670892
Sample_24	0.143903	0.000000	0.856097
Sample_25	0.432452	0.000000	0.567548
Sample_26	0.418291	0.000000	0.581709
Sample_27	0.356432	0.000000	0.643568
Sample_28	0.526352	0.000000	0.473648
Sample_29	0.156548	0.000000	0.843452
Sample_3	0.574461	0.000000	0.425539
Sample_30	0.454348	0.003157	0.542495
Sample_31	0.184994	0.000000	0.815006
Sample_32	0.227020	0.000000	0.772980
Sample_33	0.247981	0.000000	0.752019
Sample_34	0.540455	0.000000	0.459545
Sample_35	0.643704	0.000000	0.356296
Sample_36	0.131708	0.096827	0.771465
Sample_37	0.128231	0.000000	0.871769
Sample_38	0.297190	0.068263	0.634547
Sample_39	0.147867	0.011114	0.841018
Sample_4	0.322742	0.000000	0.677258
Sample_40	0.478699	0.000000	0.521301
Sample_41	0.272456	0.000000	0.727544
Sample_42	0.327105	0.000000	0.672895
Sample_43	0.422676	0.000000	0.577324
Sample_44	0.251346	0.000000	0.748654
Sample_45	0.174838	0.000000	0.825162
Sample_46	0.429653	0.004707	0.565640
Sample_47	0.317040	0.000000	0.682960
Sample_48	0.415911	0.000000	0.584089
Sample_49	0.676712	0.000000	0.323288
Sample_5	0.192594	0.000000	0.807406
Sample_50	0.247268	0.000000	0.752732
Sample_51	0.327369	0.000000	0.672631
Sample_52	0.313286	0.000000	0.686714
Sample_53	0.293886	0.000000	0.706114
Sample_54	0.507328	0.000000	0.492672
Sample_55	0.556165	0.000000	0.443835
Sample_56	0.285158	0.000000	0.714842
Sample_57	0.417903	0.000000	0.582097
Sample_58	0.452053	0.000000	0.547947
Sample_59	0.245819	0.000000	0.754181
Sample_6	0.310607	0.000000	0.689393
Sample_60	0.203879	0.000000	0.796121
Sample_61	0.304587	0.000000	0.695413
Sample_62	0.381912	0.000000	0.618088
Sample_63	0.129469	0.000000	0.870531
Sample_64	0.405126	0.000000	0.594874
Sample_65	0.524558	0.000000	0.475442
Sample_66	0.395668	0.000000	0.604332
Sample_67	0.335559	0.000000	0.664441
Sample_68	0.130799	0.000000	0.869201
Sample_69	0.566770	0.000000	0.433230
Sample_7	0.450892	0.000000	0.549108
Sample_70	0.567797	0.000000	0.432203
Sample_71	0.275073	0.027661	0.697266
Sample_72	0.285281	0.000000	0.714719
Sample_73	0.477064	0.000000	0.522936
Sample_74	0.282652	0.000000	0.717348
Sample_75	0.605305	0.000000	0.394695
Sample_76	0.450678	0.000000	0.549322
Sample_77	0.327865	0.000000	0.672135
Sample_78	0.227936	0.080435	0.691629
Sample_79	0.170781	0.000000	0.829219
Sample_8	0.265171	0.064227	0.670602
Sample_80	0.268170	0.000000	0.731830
Sample_81	0.100415	0.000000	0.899585
Sample_82	0.425338	0.000000	0.574662
Sample_83	0.373447	0.000000	0.626553
Sample_84	0.236754	0.000000	0.763246
Sample_85	0.442705	0.000000	0.557295
Sample_86	0.431407	0.000000	0.568593
Sample_87	0.441221	0.000000	0.558779
Sample_88	0.337098	0.000000	0.662902
Sample_89	0.538276	0.000000	0.461724
Sample_9	0.366409	0.000000	0.633591
Sample_90	0.337795	0.000000	0.662205
Sample_91	0.388344	0.000000	0.611656
Sample_92	0.457150	0.000000	0.542850
Sample_93	0.219826	0.000000	0.780174
Sample_94	0.069758	0.000000	0.930242
Sample_95	0.208418	0.000000	0.791582
Sample_96	0.478231	0.000000	0.521769
Sample_97	0.236650	0.000000	0.763350
Sample_98	0.409492	0.000000	0.590508
Sample_99	0.771063	0.000000	0.228937
